x1,x2,x3,x4,x5,x6,x7,x8,x9,x10,x11,x12,x13,x14,x15,x16,x17,x18,x19,x20,x21,x22,x23,x24,x25,x26,x27,x28,x29,x30,x31,x32,x33,x34,x35,x36,x37,x38,x39,x40,x41,x42,x43,x44,x45,x46,x47,x48,x49,x50,x51,x52,x53,x54,x55,x56,x57,x58,x59,x60,x61,x62,x63,x64,x65,x66,x67,x68,x69,x70,x71,x72,x73,x74,x75,x76,x77,x78,x79,x80,x81,x82,x83,x84,x85,x86,x87,x88,x89,x90,x91,x92,x93,x94,x95,x96,x97,x98,x99,x100
-0.00317206757436983,-0.00043440844339448503,0.0016438070113982128,0.003140359175513918,0.004130830621599468,0.004688190822939031,0.004882369964170241,0.004779843057307609,0.004443244450588857,0.003931028995447505,0.003297189244773957,0.0025910285900856422,0.001856979729378594,0.0011344487206845777,0.00045765999574420846,-0.00014452034501077904,-0.0006487954703930932,-0.0010376776565217405,-0.0012997289335885398,-0.0014297514865142524,-0.001428859274635652,-0.0013043556312815063,-0.001069349133868247,-0.0007420623716178909,-0.0003448227300100193,9.723442762643586e-5,0.0005576787240553216,0.0010104085401767549,0.001431259209034863,0.001799464264428341,0.0020988498819760615,0.002318668433836546,0.0024540129653574105,0.002505795160194335,0.0024803096439427463,0.00238844262155391,0.002244609418176058,0.002065521561996686,0.0018688891766380777,0.001672159506774129,0.0014913792205417664,0.0013402491337726197,0.0012294177996374778,0.001166037489001237,0.0011535845611994056,0.0011919276771039655,0.0012776127380020874,0.0014043232882414713,0.0015634693576780379,0.00174485593980922,0.0019373838615113215,0.002129739944863207,0.002311039320096242,0.0024713898133845724,0.0026023559042887,0.0026973073530021097,0.0027516448911550917,0.0027629021134902843,0.0027307287460685004,0.0026567657005425183,0.002544426685066714,0.002398604578003116,0.0022253232316997718,0.002031356816583507,0.001823839206253286,0.0016098852298531696,0.0013962438982408898,0.0011890010134378848,0.0009933450149990364,0.0008134056807476142,0.0006521706106759062,0.0005114795517133786,0.00039209185937760793,0.0002938180323579509,0.00021570256593994586,0.00015624256962487593,0.00011362483672883172,8.596341049571521e-5,7.152014834410636e-5,6.889224566197782e-5,7.715297237576024e-5,9.593477670355455e-5,0.0001254471628704401,0.00016642509007747108,0.00022000681852851756,0.0002875429301885113,0.0003703405115773606,0.0004693480948514406,0.0005847878630262926,0.0007157418400693949,0.0008596983597266572,0.0010120641235169536,0.0011656457267394948,0.0013101027697648426,0.0014313726966048712,0.0015110654278935876,0.0015258237804980368,0.0014466436882298872,0.0012381464456101554,0.0008577936838722877
-0.0021821911834702945,0.00022389524558930063,0.0020259807436207034,0.003299014149873436,0.004115072448691581,0.004543043555113702,0.004648310317724835,0.004492457204053224,0.004133018542587408,0.0036232813285219656,0.0030121464637389295,0.0023440409082651215,0.0016588616477073437,0.0009919235025788176,0.0003738796846244341,-0.0001694109602037308,-0.0006170820524791232,-0.0009535134826639258,-0.0011686056209967433,-0.001258014403800356,-0.001223270938834009,-0.0010717049315074334,-0.0008161021689985226,-0.00047405214608664537,-6.69790882761312e-5,0.0003811079430451336,0.0008450697017137188,0.0013001882936580778,0.0017236898579340298,0.0020961110980595166,0.0024023967999284856,0.002632643088878339,0.002782437481294142,0.002852786510463723,0.0028496597295117887,0.002783210955612514,0.0026667607774708557,0.00251563715340275,0.0023459733569897168,0.0021735557335351707,0.002012799691765821,0.001875913486901748,0.001772288149782586,0.0017081306608344171,0.0016863380164795494,0.001706593514327004,0.0017656541598340958,0.001857789826399614,0.0019753305169158963,0.002109277309702673,0.0022499346758633187,0.002387526109050242,0.0025127607116242068,0.002617324909863772,0.0026942803184168973,0.002738355551848315,0.002746126218289291,0.002716083246438572,0.002648594979952179,0.002545773052056166,0.00241125587552915,0.0022499266028694898,0.0020675845798101555,0.001870590583592957,0.0016655064631629912,0.0014587491585644763,0.0012562774784727893,0.0010633275103448803,0.000884209230352706,0.000722172929114695,0.0005793496842927404,0.00045676554333207164,0.0003544246034463683,0.0002714520687909783,0.0002062848834083475,0.00015689489521397704,0.00012102785206780098,9.644093890814887e-5,8.112202628085541e-5,7.347522584266741e-5,7.245957801016445e-5,7.767051592244556e-5,8.935691272249358e-5,0.00010836976837946821,0.00013604168485015222,0.0001739990041991213,0.00022391067877025606,0.0002871794991641252,0.00036458217503332335,0.0004558649503154655,0.0005593009907185476,0.0006712147920029388,0.000785477431610726,0.0008929747409296418,0.0009810485281760428,0.0010329089432894456,0.0010270140459076593,0.0009364107055858106,0.0007280292146689682,0.000361922511895596
-0.0012698911055299966,0.0008203400182522635,0.0023625301102119245,0.003428396177983739,0.0040861598564814194,0.004400330405435415,0.004431502122717479,0.004236187238269018,0.003866700891049124,0.0033711066503934184,0.002793219691105353,0.002172651742339493,0.0015448699111870745,0.0009412336534708743,0.000388973615288446,-8.891517014886219e-5,-0.0004738750555612903,-0.0007520664985549708,-0.0009146837266578167,-0.0009582367226532718,-0.0008847157016576013,-0.0007015531110918793,-0.00042131304155157423,-6.106740027478352e-5,0.00035854223046927203,0.0008145150799161449,0.0012828928246642057,0.0017402422245820226,0.0021650943103104225,0.002539217695525675,0.0028486208497104926,0.003084207347294754,0.003242044472087091,0.003323243898510242,0.003333488668994633,0.0032822695310210648,0.0031819134514328162,0.0030464968129328973,0.002890735768935837,0.0027289378789432384,0.002574084534820553,0.0024370951911563132,0.002326304372285204,0.0022471629033531393,0.002202157408274008,0.002190927913073626,0.002210552943735067,0.002255964907516894,0.00232045552949689,0.0023962311716441143,0.0024749803505232926,0.0025484200199321627,0.0026087925683206947,0.002649291459716263,0.002664399596613798,0.0026501304935369063,0.0026041680115342913,0.0025259055850619383,0.0024163904950138537,0.002278182753484792,0.002115141527291975,0.001932154693094379,0.001734829038593677,0.0015291597460076467,0.0013211980683323077,0.0011167355019936487,0.0009210212702326359,0.0007385275991556028,0.0005727741835381828,0.00042621954557953146,0.0003002228817177155,0.00019507570337395919,0.00011009836741893153,4.379272334231743e-5,-5.961177392155292e-6,-4.1678853913040825e-5,-6.60317446432579e-5,-8.161076408574885e-5,-9.070922883003263e-5,-9.513991740428551e-5,-9.609885825323516e-5,-9.408569942470635e-5,-8.888744144774918e-5,-7.962915907366863e-5,-6.489233516449033e-5,-4.289878771013278e-5,-1.1756049092870313e-5,3.024143906582566e-5,8.42617720047123e-5,0.00015054227581101642,0.00022795958743992983,0.0003135682579080701,0.0004021115897749894,0.0004855066881224168,0.0005523037824342047,0.0005871178754599526,0.0005700287913765756,0.0004759438154331441,0.00027391541981858225,-7.359486876001853e-5
-0.00044466251836761117,0.0013483581880562312,0.0026494157112950667,0.0035266071612243266,0.004043964818375656,0.004261342489444875,0.004234330246748019,0.004014217300128742,0.003648016088698469,0.0031785501605425814,0.0026445950292566245,0.0020810471052166157,0.001519084074571797,0.0009862741727855173,0.0005065945990967435,0.00010033231214956473,-0.00021613711275891845,-0.00043066823597959214,-0.0005357082660966128,-0.0005286254617731245,-0.0004119129550788081,-0.00019318032734538804,0.00011513560881049045,0.0004963763777259267,0.000930577799147958,0.0013956473702698702,0.0018687168143673993,0.0023275578867090196,0.0027519391080876865,0.003124806731895635,0.0034331931552382677,0.003668786390265577,0.003828130248877848,0.0039124615111654215,0.003927223089021936,0.003881317739109491,0.0037861832936090245,0.0036547771346771007,0.0035005554190221666,0.003336522940557085,0.0031744146101866377,0.003024051619666679,0.0028928966061911865,0.0027858143724204254,0.002705029301532047,0.0026502583885035236,0.0026189901524351633,0.0026068745616658617,0.0026081871514138655,0.002616331212952794,0.002624344667594425,0.0026253823931314813,0.002613149790833269,0.0025822688098964264,0.0025285631359328598,0.002449254556825764,0.002343067486982875,0.0022102431661181754,0.002052469098139831,0.00187273282224254,0.0016751120767644068,0.0014645157837760436,0.001246391994842444,0.0010264199377258976,0.0008102035343147129,0.0006029831832963239,0.0004093812067083036,0.0002331941787807601,7.724246794182932e-5,-5.671613982949353e-5,-0.0001680057255208922,-0.00025698545106811466,-0.00032494168673080637,-0.0003739276789960222,-0.0004065624747178198,-0.00042580315528306656,-0.0004347058788720659,-0.0004361917069877208,-0.00043283270484240077,-0.00042667243159177914,-0.00041909281885876837,-0.00041073677150782473,-0.0004014928417479524,-0.00039054526732895667,-0.00037648975765280923,-0.0003575128590407317,-0.00033163068959618514,-0.0002969814091957623,-0.00025216502856473255,-0.00019662405729281573,-0.00013105899258825104,-5.7873671585717545e-5,1.835305834418932e-5,9.037117289079077e-5,0.00014773873070073051,0.00017627451760615642,0.0001574800973327406,6.792546661626986e-5,-0.00012140912617830679,-0.0004458440257955054
0.00028492652082823255,0.001802278156392223,0.0028834327707740748,0.0035924970326370875,0.003989001583901697,0.00412789479029918,0.004059579140376801,0.0038300075759249985,0.0034808479546568627,0.0030497109936500344,0.002570421995102379,0.002073302114176556,0.0015854143413549515,0.00113072621508703,0.000730148117269902,0.00040142355740924174,0.0001588743957476879,1.3035290615359685e-5,-2.975822938200423e-5,3.225868199585591e-5,0.00019604481786528183,0.0004537422047321549,0.0007929549891252385,0.0011973466437953384,0.0016475413566818808,0.002122273239105965,0.0025996923151523355,0.0030587143819018614,0.0034802954913577544,0.0038485209839063117,0.004151421269613209,0.004381457791521992,0.0045356579144151254,0.004615412050553047,0.004625976130329779,0.004575744734944376,0.004475373397665017,0.004336832632095611,0.004172472122248028,0.003994162921163724,0.003812570556362971,0.0036365947985892433,0.003472994484865932,0.0033261997878537564,0.003198300814514443,0.0030891910358312735,0.0029968370002682043,0.0029176419178353896,0.002846869627584958,0.0027790966447200915,0.0027086628460999407,0.0026300953393096904,0.0025384846911431502,0.0024297975834861596,0.0023011148392977354,0.0021507884320035586,0.0019785154454572407,0.0017853309249811211,0.0015735251176671738,0.001346493713723973,0.0011085323376733847,0.0008645886528504398,0.0006199869792231638,0.0003801412184967212,0.0001502720731294538,-6.485600699468463e-5,-0.0002611640300362872,-0.0004354417492473672,-0.0005854756752228241,-0.0007101157134505875,-0.0008092779576198694,-0.0008838849653813874,-0.0009357485743892724,-0.0009674037445992489,-0.000981904814808754,-0.0009825977483290949,-0.0009728832781106256,-0.0009559862739063618,-0.000934746144346299,-0.0009114417280566833,-0.0008876620574143068,-0.0008642317853664316,-0.0008411971709589849,-0.0008178755558296835,-0.0007929684566292394,-0.0007647359423121891,-0.0007312280146307693,-0.0006905673655919209,-0.0006412771931612049,-0.0005826477092636395,-0.0005151355188059981,-0.000440791098229365,-0.0003637110473366789,-0.00029051350914377494,-0.0002308370327228637,-0.00019786508470520658,-0.00020888030232235621,-0.0002858543461239371,-0.00045608078497094695,-0.0007528597687969096
0.000911457838877805,0.002177503844942752,0.00306234967047736,0.003625764761312933,0.0039224944163516184,0.004002365642078232,0.003910449580393216,0.0036872939892469425,0.0033692276646157815,0.002988723721933262,0.0025747924740966432,0.0021533604402397266,0.0017475834770523946,0.0013780424669622704,0.0010627814179131612,0.0008171700456736097,0.0006536031596238168,0.0005810823607865778,0.0006047551873802348,0.0007255064380862208,0.0009397010882006285,0.0012391659429815682,0.0016114693049442685,0.002040518959784965,0.0025074553235042707,0.0029917759257531706,0.0034725959889558844,0.003929932155851024,0.004345894247243187,0.004705682475003581,0.004998311804151001,0.005217016797002039,0.005359324452995473,0.005426814786781087,0.005424615600974292,0.005360696809079801,0.005245039789169237,0.005088758850243735,0.00490324616185811,0.004699400226405803,0.0044869832190781445,0.004274136302527598,0.004067066101940853,0.003869901260328934,0.003684706283646033,0.003511631182437469,0.0033491697862277903,0.003194496818889725,0.0030438534536592066,0.002892952595753062,0.0027373780335304687,0.0025729553648923265,0.002396076835339489,0.0022039666033548677,0.0019948772597055964,0.0017682125298592588,0.0015245749063197422,0.001265740447628172,0.000994566120652074,0.0007148378282431089,0.00043106962212480227,0.00014826650347865566,-0.00012833540058654336,-0.0003935366934491036,-0.0006424358504992789,-0.0008706694342230925,-0.0010746184187504504,-0.0012515695984460784,-0.0013998236184549206,-0.0015187442393505002,-0.0016087468729173438,-0.0016712280055517503,-0.0017084406401965957,-0.0017233241106313635,-0.0017192993415378055,-0.0017000426635829236,-0.001669252514499231,-0.0016304236966462327,-0.001586643319993808,-0.0015404212068328427,-0.0014935655035244189,-0.001447111717565619,-0.001401310588841742,-0.0013556773387635168,-0.001309102136749729,-0.0012600192711889058,-0.0012066306601807852,-0.0011471780836127543,-0.0010802579062723083,-0.0010051720818973209,-0.0009223098272035379,-0.0008335554428460235,-0.0007427192255846649,-0.0006559901415226221,-0.0005824107968330772,-0.0005343771416170817,-0.0005281671825896339,-0.0005845046843044877,-0.0007291653441190427,-0.000993634178415359
0.0014288893678724435,0.00247069245933762,0.003185040977768061,0.0036270513165828078,0.0038464360100363137,0.0038877267406829397,0.003790566719914512,0.0035900806559134857,0.0033173164951461054,0.002999736434204703,0.002661718082121123,0.0023250136883401495,0.0020091097753245357,0.0017314342910732528,0.0015073747509730673,0.001350097565411712,0.0012701920501556607,0.0012751966310466933,0.0013690927260756602,0.0015518675931698311,0.0018192470701428043,0.0021626817363427087,0.0025696381208244468,0.0030242055206151086,0.003507985749801712,0.004001194813579634,0.004483877917252688,0.004937125950280397,0.005344183547062009,0.005691354452332931,0.005968635767445107,0.0061700442413390455,0.006293630440123543,0.0063412062719314655,0.006317834893648122,0.006231147691865058,0.006090560292708602,0.005906458983517826,0.00568942188821131,0.005449527555082323,0.0051957892611267376,0.004935738162020531,0.004675163966549434,0.0044180092234782364,0.004166403273294428,0.003920814725295152,0.00368029692482974,0.0034427989857035435,0.003205515143435811,0.002965246940521471,0.0027187556009073965,0.002463085460535641,0.0021958431511248655,0.0019154211337744087,0.0016211579799345621,0.001313431400634446,0.0009936833789447874,0.0006643798400980394,0.0003289100816132873,-8.566339808613321e-6,-0.0003433154438829966,-0.00067025584094349,-0.000984204124288457,-0.0012801251189413776,-0.0015533733447088416,-0.0017999125794263549,-0.002016501604862775,-0.002200836064412126,-0.00235163879625766,-0.002468693919106091,-0.002552823187778497,-0.0026058065160299293,-0.0026302518745979775,-0.0026294227988414853,-0.00260703428073894,-0.002567029703167467,-0.0025133525773326504,-0.0024497271028205425,-0.002379460986502213,-0.002305282600645331,-0.0022292225602833504,-0.002152547332823218,-0.002075749765709567,-0.0019985986505397513,-0.0019202468446946064,-0.0018393952289774695,-0.001754508035643365,-0.0016640739291129414,-0.0015669067016106375,-0.001462479546617157,-0.0013512875371595179,-0.0012352340739147927,-0.001118038566709334,-0.001005664351183988,-0.0009067677019070075,-0.0008331706749564738,-0.0008003623078844946,-0.0008280343471542828,-0.0009406591063991776,-0.0011681182332976547
0.0018327788292173963,0.0026799251264533197,0.0032516102222550636,0.0035980206867978204,0.0037636335853057368,0.003787561580474108,0.003703978174840916,0.0035426245394432065,0.003329383164804689,0.003086885743638579,0.002835106488456862,0.0025918813227852056,0.002373291654131915,0.002193861123083174,0.002066535120077706,0.0020024436701047144,0.0020104837399732567,0.002096790688848049,0.0022641937146099522,0.0025117612386753585,0.0028345362917443495,0.00322353949437737,0.0036660817975824322,0.004146386802819979,0.004646480332854974,0.00514726968460133,0.005629711713974306,0.006075960214010578,0.0064703889844826,0.0068004053295323,0.007056995677522604,0.00723497609917656,0.007332951308703706,0.007353012595385788,0.007300225495626922,0.0071819705749898155,0.00700720532534449,0.0067857127281123475,0.0065273939767118705,0.00624165100499896,0.005936890688553298,0.005620168538717163,0.005296976725838842,0.004971170270986036,0.00464501674708151,0.004319348979925142,0.0039937969008643215,0.0036670735472226212,0.0033372908003888035,0.0030022823338522464,0.0026599139837757413,0.002308364987471112,0.0019463669794776983,0.0015733910928088513,0.001189776860924141,0.0007967997854656517,0.00039667739457405204,-7.48364924652023e-6,-0.0004117943373507238,-0.0008117367129321096,-0.001202354663309091,-0.0015784713204833878,-0.0019349211401689104,-0.002266784083503559,-0.00256960924376326,-0.0028396157895875795,-0.0030738602566215967,-0.003270360992858823,-0.0034281728887837204,-0.0035474082966229226,-0.003629203117236468,-0.003675630229822424,-0.003689565558284258,-0.0036745149051271575,-0.003634412047260671,-0.0035734003163860883,-0.0034956108646500006,-0.003404950984867039,-0.0033049152197173193,-0.0031984306238066473,-0.0030877455642177587,-0.002974369030155355,-0.0028590647733417462,-0.0027419019303982495,-0.0026223612903688576,-0.0024994942438749668,-0.002372129822618252,-0.002239124198008202,-0.0020996465921108154,-0.0019534957468216874,-0.001801441839820228,-0.0016455899350718006,-0.0014897625961256544,-0.0013399010510757314,-0.0012044861567535037,-0.0010949822607613235,-0.0010263088113586782,-0.001017346147354825,-0.0010914832581403466,-0.001277216395669356
0.0021204978161990518,0.0028048641942710617,0.0032634972147271846,0.003541424837232743,0.0036777396512857052,0.0037060703520497285,0.0036551410999479117,0.00354941200108172,0.0034097760019680123,0.0032542692846475596,0.0030987374085951203,0.0029573918557894707,0.002843194519778436,0.002768022639972223,0.002742592950053524,0.002776157994349493,0.0028760240651197755,0.0030469722671404575,0.0032906853720251483,0.0036052887446307302,0.003985101995186646,0.004420670771748458,0.004899109864519691,0.0054047460727200125,0.005920009116184843,0.006426487389314506,0.006906046726303128,0.007341906247751329,0.007719574999450529,0.008027573699135093,0.008257893476955047,0.00840617363191587,0.008471609067168817,0.008456622015081905,0.008366349871482104,0.008208010584671133,0.0079902093155928,0.007722246045242631,0.007413475010032311,0.007072755059384317,0.0067080169661242195,0.006325960853369672,0.0059318853527998705,0.005529640605625108,0.005121690110235111,0.004709261743528703,0.004292565834292272,0.0038710575962808136,0.003443722118156245,0.0030093620362956486,0.002566870608629479,0.002115475856798721,0.001654944523606705,0.0011857376527006913,0.0007091125484390837,0.0002271686729686806,-0.0002571623340688056,-0.0007401798798234438,-0.001217525998942648,-0.0016843383713656124,-0.0021354360915553094,-0.002565528063900313,-0.0029694328554144,-0.0033422982628721343,-0.003679808811784646,-0.003978369944939164,-0.004235258797026464,-0.00444873316934169,-0.00461809255479162,-0.0047436877151465495,-0.0048268782383531494,-0.004869940530852546,-0.004875931637746689,-0.004848516937209002,-0.004791771943565504,-0.00470997002421214,-0.004607368681641244,-0.004488007121197679,-0.004355527126972625,-0.00421302787253186,-0.004062963325657254,-0.003907088535848313,-0.0037464585169177944,-0.003581480861738484,-0.0034120208496912774,-0.0032375558014705597,-0.0030573739326893445,-0.0028708120411460314,-0.0026775260627460717,-0.002477788829839067,-0.0022728101994360372,-0.002065075991619647,-0.0018587037733124312,-0.0016598153144857797,-0.0014769274115962183,-0.0013213646083740649,-0.0012076990576712632,-0.0011542242909050593,-0.0011834709438409696,-0.001322773492596685
0.0022914281941521786,0.0028468903242608867,0.003223564358114217,0.0034611484085362854,0.0035932645387024564,0.0036480595751338107,0.003648897507769089,0.0036151272426141468,0.0035628904370677006,0.0035059164667017306,0.0034562391172783258,0.0034247660990964768,0.0034216405760463253,0.0034563542333141406,0.0035376020758071114,0.0036729057400384235,0.0038680683782446046,0.004126553327429505,0.004448894941627923,0.00483224958213091,0.005270177418627675,0.005752714225089051,0.006266752169391321,0.006796706471055014,0.007325407459147115,0.007835130397533252,0.008308661676489582,0.008730300335288543,0.009086706850517157,0.009367533495885372,0.009565798256752966,0.009677993064471035,0.009703943336907717,0.00964645676998277,0.009510813468912804,0.009304156411097608,0.009034841418333439,0.00871180048314324,0.00834396302115481,0.007939768087958488,0.007506788359457506,0.007051475009043795,0.006579022444455962,0.0060933437424637305,0.0055971417533364765,0.0050920571810051385,0.0045788732315363845,0.004057756305312132,0.0035285132944640196,0.0029908479596354454,0.0024446012773884362,0.0018899633183897535,0.0013276469607546026,0.0007590164497179863,0.0001861664250464301,-0.00038805047522716407,-0.000960046971760331,-0.0015255727843213052,-0.002079829821622692,-0.002617624318762779,-0.003133547691411831,-0.0036221765494848235,-0.004078281361262537,-0.0044970327555007295,-0.0048741944563168715,-0.005206292407595292,-0.00549075077449368,-0.00572598718808548,-0.005911461763024484,-0.006047676966258297,-0.006136128207420821,-0.0061792078931683925,-0.006180068453584209,-0.0061424523244855145,-0.006070498882782438,-0.005968539741698198,-0.005840894519616668,-0.005691679156444529,-0.00552463807822301,-0.005343010077627497,-0.005149435810446246,-0.004945912472582581,-0.004733798712665216,-0.004513870352158111,-0.004286425220856316,-0.004051433535066096,-0.003808728875378531,-0.003558234036963537,-0.003300215854472377,-0.0030355635209415865,-0.00276608585857252,-0.0024948243592430863,-0.0022263804738602566,-0.0019672574640230422,-0.0017262190157327773,-0.0015146686419713618,-0.0013470555819297125,-0.001241314371430935,-0.0012193464657346276,-0.0013075532118307365
0.002347131839848249,0.002809211998944239,0.0031361562218847894,0.003362229033960329,0.003515568057093521,0.0036189150886292154,0.003690437456288276,0.0037446129834006747,0.0037931325942959226,0.003845758449590786,0.003911066449690193,0.0039970033342346944,0.004111202270128178,0.004261026316231931,0.0044533434498919,0.004694074640875012,0.0049875911468126866,0.005336062228830318,0.005738864831751567,0.006192160119186774,0.006688719005184307,0.00721804388430014,0.007766792627330155,0.008319470365589332,0.008859320839599505,0.009369326671971212,0.009833219077048927,0.010236402095561203,0.010566712282495505,0.010814958377678874,0.01097521278050051,0.01104485371252073,0.011024380562731473,0.010917042866705362,0.010728334587976729,0.01046540979195365,0.010136474191821065,0.009750200703463552,0.009315207632098588,0.00883962699353713,0.00833077913365976,0.007794959337541929,0.007237333251620459,0.006661931072217353,0.006071725678342688,0.005468777078185827,0.004854424420251302,0.004229507042677216,0.0035945972356925537,0.0029502292425616083,0.0022971112519214465,0.001636309536454661,0.0009693963342720657,0.0002985554697629844,-0.0003733579668208087,-0.0010428053323643383,-0.001705598855627155,-0.0023569800676832564,-0.0029917376338142176,-0.0036043582503246796,-0.004189202756369692,-0.004740698384937847,-0.00525353721124322,-0.005722870424482274,-0.006144488109161905,-0.0065149748157598,-0.0068318323368674605,-0.007093562759683092,-0.0072997069736828735,-0.007450836272313133,-0.007548497361988815,-0.007595113818913646,-0.007593849637137051,-0.007548442813329448,-0.007463018752620787,-0.00734189452457823,-0.007189385558707517,-0.007009626209391495,-0.006806414760192059,-0.00658309195435125,-0.006342460158826668,-0.006086747959054062,-0.005817622531492983,-0.005536249746636024,-0.005243399803219528,-0.004939594443438278,-0.0046252905675223666,-0.004301094425524177,-0.0039680005334599144,-0.0036276500104541753,-0.003282604090563357,-0.0029366300239490606,-0.002594998322166475,-0.002264792192112175,-0.0019552319170688115,-0.0016780187716753936,-0.0014477047118774955,-0.0012820954959784636,-0.0012026960256181773,-0.0012352075205055435
0.002291484041833769,0.0026969397759568636,0.0030071266856448453,0.003250849421725821,0.0034508280381184697,0.0036245574800197744,0.003785250172726684,0.003942824084120833,0.004104880031979619,0.004277598477452127,0.004466481344806983,0.0046768712790314915,0.004914200053046436,0.00518394796543431,0.005491332941856886,0.005840785698491668,0.0062352990444414225,0.006675759198704778,0.007160370939948368,0.007684275504737492,0.00823943256639259,0.00881480015519065,0.009396805359729754,0.009970060632420452,0.0105182510241284,0.011025100282443301,0.011475319732648703,0.011855452276141154,0.012154542026225013,0.012364584383619093,0.012480737795940389,0.012501303478993808,0.012427500251943169,0.012263076639428494,0.012013810864933472,0.011686951563521841,0.011290648923588442,0.010833418882020052,0.010323673448752846,0.00976933965925264,0.009177579258545787,0.008554611909955323,0.007905637064664628,0.007234843882834685,0.006545494766753368,0.005840065972227304,0.005120428116856868,0.004388049869268773,0.003644209356517436,0.002890199582821218,0.002127516187798495,0.0013580180274099796,0.0005840532352667793,-0.00019145443785761884,-0.000964962123952251,-0.0017323082738101014,-0.0024887561709694417,-0.0032290777896015754,-0.003947673492095127,-0.004638721440510363,-0.005296349182537519,-0.0059148187371032,-0.00648871572202081,-0.007013132706360725,-0.007483837090162648,-0.007897414449263618,-0.008251379437584916,-0.008544247984175524,-0.008775566589673378,-0.008945896912951667,-0.009056756408065691,-0.009110518365311737,-0.009110277157552193,-0.009059686625103591,-0.0089627811970856,-0.00882379042220327,-0.008646957988543758,-0.008436376022014525,-0.008195844494331972,-0.00792876402530096,-0.007638068360513284,-0.007326200510330505,-0.006995134136901893,-0.006646439466126974,-0.0062813909605865526,-0.005901112370421124,-0.005506753693655497,-0.005099694088854356,-0.0046817649046038134,-0.004255487684488024,-0.0038243231965280344,-0.003392929111204257,-0.002967425785654676,-0.0025556715686287923,-0.0021675509939460547,-0.001815281069361685,-0.001513742502573745,-0.001280844074851295,-0.0011379294343512036,-0.001110236315497115
0.0021307604692553106,0.002517117612874653,0.0028438282522769143,0.003134297834719302,0.003405984099852155,0.0036713796054645975,0.003939063677688814,0.004214775213507771,0.004502440937469654,0.0048050838472812885,0.005125537029827765,0.005466900712657097,0.005832705087251977,0.006226775349667424,0.006652833560441884,0.007113907954324539,0.00761164776385348,0.008145655304889754,0.008712944318058913,0.009307614730665659,0.00992080239547155,0.010540923432847737,0.011154192975564747,0.011745363490104577,0.012298603108555906,0.01279842215377558,0.013230556624786782,0.013582729198057475,0.013845228262717502,0.014011269929892656,0.014077133127463615,0.01404208065079926,0.013908097115870266,0.01367948690722498,0.013362381154528702,0.012964203032887145,0.012493136338030286,0.011957634703865683,0.011365999424267859,0.010726043902557159,0.010044853317372926,0.009328639892630441,0.008582687610823037,0.0078113754570812155,0.007018265257311196,0.006206238664110408,0.005377667558689847,0.004534602766465223,0.0036789672398103157,0.002812741503886329,0.001938131009945554,0.0010577069728028299,0.000174514214466015,-0.0007078585397954917,-0.001585248574663023,-0.0024529301117603985,-0.0033056652388148144,-0.004137792069878188,-0.0049433456970851,-0.005716205964868326,-0.006450264771010961,-0.007139604547958367,-0.007778678876280143,-0.008362485898583127,-0.008886725388436822,-0.009347931015127653,-0.009743570529661572,-0.010072108245914091,-0.010333026230607611,-0.010526802941576374,-0.010654850529570048,-0.010719414488734813,-0.010723441639213238,-0.010670424391057143,-0.010564230728036694,-0.010408930251637472,-0.010208626870270354,-0.009967308288298948,-0.009688721379481624,-0.009376280907365864,-0.009033017014790978,-0.008661564612792105,-0.008264195442959643,-0.007842891355792414,-0.007399455416045253,-0.006935655960800258,-0.006453397801322147,-0.005954914431880898,-0.0054429753931293234,-0.00492110378991617,-0.0043938002999421855,-0.003866771714138739,-0.0033471639898730032,-0.002843801835568982,-0.0023674388502299415,-0.001931024100743528,-0.001549992644711562,-0.001242588834880376,-0.0010302322357946814,-0.0009379366283770452
0.0018736675842330186,0.0022787039331584324,0.0026550587285973926,0.0030208943247802544,0.003388655707001309,0.0037661665194730354,0.004157774010109971,0.004565484032279077,0.004990013304124741,0.0054316808785159765,0.005891066941776657,0.00636938556453126,0.0068685474570644445,0.007390925321539399,0.00793887236960833,0.008514077515927365,0.00911686274449508,0.009745535096123081,0.010395896299213891,0.011060988919203485,0.01173112327759096,0.012394190154674245,0.013036226698327713,0.013642172466977076,0.014196732896178954,0.014685260314626358,0.015094567458910024,0.015413603054797775,0.01563394018548747,0.015750052213576726,0.015759374560498696,0.01566217095249689,0.015461238022869583,0.01516149159807334,0.0147694816490751,0.01429288148801744,0.013739991489128744,0.01311928974859855,0.012439052981433552,0.011707061719113288,0.010930395388954128,0.010115315695455429,0.009267231175218438,0.008390731910076,0.0074896810356364085,0.006567348641616455,0.005626573645292066,0.004669939948846125,0.003699954415540496,0.002719215720054624,0.0017305648025671694,0.0007372093941464541,-0.00025718316548051234,-0.001248428846839733,-0.0022318078737555425,-0.0032020842466939925,-0.004153562690956569,-0.0050801802046507305,-0.005975627793422422,-0.006833496526855498,-0.007647440803312033,-0.008411350738979806,-0.009119524977533988,-0.009766835012686492,-0.010348872375778306,-0.010862070786750166,-0.01130379659256553,-0.011672402480709998,-0.01196724148011219,-0.012188640538948636,-0.012337835361373006,-0.012416870540171043,-0.012428471177369449,-0.012375893986958264,-0.012262767187422252,-0.012092929215689274,-0.01187027636970317,-0.01159862890556873,-0.011281623921718609,-0.010922641651927911,-0.010524769698508685,-0.01009080743745816,-0.009623310504063287,-0.009124673108144243,-0.008597244102850343,-0.008043471379826972,-0.007466068384303082,-0.006868196383583047,-0.0062536565802471245,-0.0056270871835244485,-0.004994162049116291,-0.004361789345586065,-0.003738310766544295,-0.0031337039398473543,-0.0025597927538734133,-0.0020304722121431418,-0.0015619560518067566,-0.0011730566567287326,-0.00088550772901419,-0.0007243407409376346
0.001531306819022582,0.0019924958671091453,0.002450961406824881,0.0029198810514960982,0.003407034501748285,0.003915998880357652,0.004447365706020445,0.004999911719214101,0.005571645789613111,0.006160654283479783,0.006765679426143478,0.00738638917198875,0.008023330327814993,0.008677594451236725,0.009350262289343547,0.010041720993146264,0.010750963953551018,0.01147498302462635,0.012208347151000165,0.012943032820998734,0.013668535278978933,0.01437225105714246,0.015040087982013173,0.01565723303108868,0.016208994041185143,0.016681628986868535,0.017063085138571576,0.017343587264943228,0.017516035802243923,0.01757619911288577,0.01752270555841573,0.017356858855069213,0.01708231272500571,0.016704647773839287,0.016230895149408564,0.015669048749574976,0.015027601736769647,0.014315135161873549,0.013539977786504398,0.012709947700389801,0.011832178769382029,0.010913028749160336,0.009958061238561466,0.008972090501648822,0.007959276398462833,0.006923255991484023,0.005867298574065316,0.0047944716473558024,0.0037078065424411832,0.002610453782659228,0.0015058197991422162,0.0003976781858541223,-0.0007097497214707538,-0.0018117485440001246,-0.0029030988095999355,-0.003978103488516904,-0.005030649814814936,-0.006054303491541901,-0.007042430853778203,-0.007988343178646051,-0.008885456154934968,-0.009727456633023657,-0.01050846823899354,-0.011223207317803574,-0.011867121009615289,-0.012436500078721213,-0.012928560390879973,-0.013341488624388997,-0.01367444982070154,-0.01392755661908529,-0.01410180233912639,-0.014198962321818609,-0.014221469957619082,-0.014172275470274887,-0.014054696662255228,-0.013872271369673062,-0.013628621273606534,-0.013327335972814769,-0.0129718848944127,-0.012565562806241992,-0.012111472542019275,-0.011612546230555854,-0.011071604020377546,-0.010491447196519399,-0.009874980863235905,-0.009225360149151651,-0.008546153270173829,-0.007841514800224658,-0.0071163631396462534,-0.006376557375436853,-0.005629070397163094,-0.004882157137909626,-0.004145519006159226,-0.0034304678146757084,-0.0027500946585941044,-0.0021194511302047303,-0.0015557518913769108,-0.0010786088957730477,-0.0007103084305706275,-0.0004761426229786814
0.0011170638553563705,0.0016709913358088357,0.0022428761735646674,0.0028412762324063756,0.0034697519183932712,0.0041281416968455,0.004813825724801379,0.005522902964602228,0.006251202058638938,0.0069950523044535196,0.007751759138616254,0.008519757267201111,0.009298450357854371,0.010087783658370153,0.010887628872450872,0.011697083415960208,0.012513794783336696,0.013333413689198714,0.014149258239875007,0.014952239426068825,0.015731061112843392,0.01647267132041952,0.017162911188662644,0.017787287353634884,0.01833178434102356,0.018783635826622458,0.01913198541745098,0.019368386078237876,0.019487109131953506,0.019485255700764537,0.019362682894864758,0.01912177219440947,0.018767077391834253,0.018304894075928946,0.017742792501126647,0.017089151777429645,0.01635272682270772,0.015542271631834748,0.014666234191563987,0.013732530631854534,0.012748399518042852,0.011720331859716993,0.010654068527610416,0.009554654252023287,0.008426536039607857,0.007273693454656005,0.006099788522548888,0.004908323808750392,0.003702798330184276,0.0024868522392687,0.0012643926037743114,3.9694044561056074e-5,-0.0011825305297152866,-0.0023970923387368614,-0.0035983239985646343,-0.004780111768300621,-0.005935961321461125,-0.00705909403590832,-0.008142569325119808,-0.009179427206966295,-0.010162844198992271,-0.011086294814778075,-0.011943710485683656,-0.012729627701736135,-0.013439317591577904,-0.014068890053181793,-0.014615366883124814,-0.01507672007724059,-0.01545187350103916,-0.015740668338228847,-0.0159437949793797,-0.016062696158978262,-0.0160994480335237,-0.01605662737445046,-0.015937174008950894,-0.015744257998346445,-0.015481160759032608,-0.015151178419387623,-0.014757554230716785,-0.014303444923496667,-0.013791923672003659,-0.013226019978473946,-0.012608794501057563,-0.011943444811634674,-0.011233436444124667,-0.01048265250858682,-0.009695554685576369,-0.008877348609412472,-0.008034147479624831,-0.0071731291362509,-0.006302683690458277,-0.00543255097844364,-0.004573949452972403,-0.0037397004895134422,-0.0029443543211660206,-0.0022043258084245565,-0.0015380499036159456,-0.0009661679271997237,-0.0005117566018495445,-0.00020061218874412035
0.0006464160069028502,0.001328185385211622,0.002043140625572981,0.002795692710819253,0.0035857242387917765,0.0044099210962484925,0.005263053514214189,0.00613912778249226,0.007032330435794432,0.007937698874989962,0.008851475903743466,0.009771138066808849,0.010695124495235575,0.011622328452025155,0.012551442026586646,0.013480260600111205,0.014405055028291702,0.0153201058364556,0.016217467587471113,0.017086997483960698,0.01791664577701413,0.018692972190376356,0.019401826817836643,0.02002911861101575,0.02056159051334383,0.020987526598120976,0.021297330968102823,0.021483937640686346,0.021543031975321814,0.021473084527957376,0.02127521534058685,0.02095291922747,0.020511690074381583,0.019958584716766037,0.01930176532885186,0.018550054475822808,0.017712530201313914,0.016798180832994003,0.01581563150720733,0.014772947421158644,0.013677512950330595,0.012535981218914305,0.011354285497322092,0.010137701803724308,0.008890951110597456,0.007618329376667621,0.006323854021021091,0.005011416242552524,0.0036849296208418814,0.0023484666151620814,0.0010063758495326702,-0.00033662559463332187,-0.0016753892683714078,-0.003004304775249267,-0.004317302975813675,-0.0056078928978737785,-0.006869230729056319,-0.008094217752761868,-0.009275622660939842,-0.010406222405075383,-0.011478954706220623,-0.01248707461043308,-0.01342430711407383,-0.014284987947503769,-0.015064185123919493,-0.015757794836181116,-0.016362606687796433,-0.01687633501304875,-0.01729761508056482,-0.01762596516342052,-0.0178617176545659,-0.018005924457404898,-0.0180602436368269,-0.018026815639240468,-0.017908138171499388,-0.017706948995248606,-0.017426125419513827,-0.017068608183459677,-0.016637355788859498,-0.01613533328856409,-0.015565537221249759,-0.014931055986652897,-0.014235162670549695,-0.0134814353386834,-0.012673898284709217,-0.011817176761170334,-0.01091665742252168,-0.009978647087030446,-0.009010523452277486,-0.008020872997854145,-0.007019613361819221,-0.0060180998386036855,-0.00502921815628099,-0.0040674681905192855,-0.003149045614980306,-0.0022919305492328235,-0.001515993952482031,-0.0008431337638654668,-0.0002974535799533662,9.450301257896143e-5
0.00013665306747956407,0.0009792994296287105,0.0018648422607205895,0.002794123748141697,0.0037639784481551253,0.004768592581531728,0.005800770324700277,0.006853027622376828,0.007918440623146505,0.008991193878440829,0.010066801554872828,0.011142009610624282,0.012214423090353588,0.013281934620148927,0.014342052507088088,0.015391235796459402,0.016424337778735865,0.017434239930111062,0.018411728569880825,0.019345631600724555,0.020223198036359413,0.02103067355776389,0.02175400468635713,0.022379594158377092,0.022895030742354106,0.023289726532286448,0.023555411097758938,0.02368645173549533,0.023679989468395668,0.02353589888262464,0.023256594614434967,0.022846717343762535,0.022312737330910437,0.021662514267275945,0.020904849340718012,0.020049059991464446,0.01910460093819344,0.018080747662004626,0.016986351429779223,0.015829668665574115,0.014618262354214817,0.013358969298047807,0.012057924403658493,0.010720631604853814,0.00935207033376173,0.007956826423569208,0.006539236771748058,0.005103537855144946,0.00365400915309122,0.002195103628459538,0.0007315585997238472,-0.0007315184058973578,-0.0021885929003664373,-0.0036336784670605304,-0.005060344797462868,-0.006461758442390941,-0.007830754464727807,-0.009159935692470533,-0.010441794881023814,-0.011668853873466833,-0.012833812874228467,-0.013929702298384417,-0.01495002939001866,-0.015888911965500352,-0.016741192254353887,-0.01750252487669135,-0.01816943447376529,-0.01873934032796898,-0.019210547368745612,-0.019582205135307174,-0.019854238411038505,-0.02002725520539439,-0.020102439389003468,-0.0200814364549462,-0.019966241481298663,-0.019759098344399373,-0.01946241856272879,-0.019078726873962726,-0.018610638847841532,-0.018060873646551734,-0.01743230262825879,-0.016728032037494067,-0.015951515731912558,-0.01510669194399794,-0.014198136626209834,-0.013231225098101262,-0.012212293573196309,-0.011148792707970756,-0.010049426545966078,-0.008924272039625869,-0.007784876593695866,-0.006644333632164212,-0.005517338878571643,-0.004420232690028225,-0.003371036247268755,-0.002389491547852618,-0.0014971168824797765,-0.000717290734241427,-7.537780084954093e-5,0.0004010888964360859
-0.0003934899379212098,0.000640444802098461,0.0017215250854625275,0.002847700387670127,0.004013463451165489,0.005211204954500559,0.006432431190313004,0.007668768273415338,0.008912689065289303,0.01015792231401047,0.011399534996656246,0.01263371423332904,0.013857309029738474,0.015067219017996791,0.01625973283832627,0.01742992030362922,0.018571169914138874,0.019674938942190412,0.020730751354431032,0.021726444429094105,0.022648633182891675,0.02348333685183901,0.024216696355234824,0.024835706830490967,0.025328894227191423,0.025686877594014668,0.025902776337641154,0.025972441436314497,0.02589450867079579,0.025670288298127897,0.02530351789458818,0.024800012757225876,0.02416725137246667,0.023413932634337442,0.022549537632971184,0.021583922967491453,0.020526965665219166,0.01938827276789956,0.018176962125166174,0.01690151534209905,0.015569699376437374,0.01418855001360475,0.012764408281078943,0.011302999636698896,0.00980954528698863,0.008288895069445967,0.006745671802560249,0.005184417738499203,0.0036097346583687795,0.002026410174155835,0.0004395239205754464,-0.001145471473631865,-0.002722698452948702,-0.004285834080681283,-0.0058281220512133025,-0.007342416655499839,-0.00882125667450806,-0.010256965708366206,-0.011641774093246848,-0.01296795638965964,-0.014227977520691937,-0.015414640070166019,-0.016521225078482082,-0.017541618939720394,-0.01847041972398733,-0.019303017410922774,-0.0200356440783529,-0.020665391966409263,-0.021190199424406142,-0.021608806913885115,-0.02192068733828867,-0.022125956845078232,-0.022225273753532004,-0.02221973427399382,-0.02211077410689999,-0.021900084788935903,-0.021589552783752186,-0.021181227843208195,-0.020677325188721785,-0.02008026372302041,-0.019392739955246707,-0.01861783480229473,-0.017759148115509937,-0.01682095385975657,-0.015808367498756137,-0.014727516431068288,-0.013585704338050064,-0.012391561057154998,-0.011155171031725697,-0.009888175415837974,-0.00860384539189818,-0.007317127025531889,-0.006044660861105999,-0.004804782277076036,-0.0036175112161638268,-0.0025045421479847896,-0.0014892469140344033,-0.0005967043841894615,0.00014622840468403453,0.0007107887484107955
-0.0009242859101945555,0.0003282251655085666,0.0016268564546311204,0.002967426513104776,0.004342852336620684,0.005744464662016391,0.007163143155290985,0.008590201935211095,0.010017974268594632,0.01144007284631643,0.0128513354018982,0.014247499760261295,0.015624682347338492,0.016978754892161607,0.018304722129395934,0.019596197539673454,0.02084505569509565,0.022041311835440336,0.023173246486876575,0.02422776029557072,0.025190916350428694,0.02604860747164528,0.026787275993170212,0.027394613545919544,0.027860176913296453,0.028175870858544894,0.02833626713525783,0.028338747938033926,0.028183479494777508,0.027873235659456874,0.027413101288512376,0.026810090628141214,0.02607271723098803,0.025210549783669656,0.02423378359978301,0.02315285140051504,0.02197809027017561,0.020719475071155014,0.019386422660880864,0.017987666289635218,0.01653119570446293,0.015024255727634994,0.01347339430539396,0.011884550069157562,0.01026316913431291,0.008614341012377125,0.006942943989695749,0.005253791025898291,0.0035517680810626118,0.0018419577544324106,0.0001297421952255462,-0.0015791195751972964,-0.0032784435109340926,-0.004961603764473743,-0.0066215480354081535,-0.008250844291108894,-0.009841756598312656,-0.011386346354528953,-0.012876593886310683,-0.01430453426517797,-0.015662400358023465,-0.016942765648129132,-0.018138679291221482,-0.01924378624472034,-0.020252426136798007,-0.02115970580434512,-0.02196154207207268,-0.022654673282816784,-0.0232366402079891,-0.023705739129144643,-0.02406095193632307,-0.024301859882133403,-0.02442854901808955,-0.024441516198776103,-0.024341584782303194,-0.024129838736767883,-0.023807582788053505,-0.023376334572424273,-0.0228378525964259,-0.02219420130920513,-0.021447851942883123,-0.020601815177501592,-0.01965979934239881,-0.018626385962718484,-0.017507213155269152,-0.016309156782464918,-0.015040499444714861,-0.013711078330161275,-0.01233240458870366,-0.01091774914766086,-0.00948219259227523,-0.008042639720334588,-0.006617802462500766,-0.005228157855168281,-0.003895890496683485,-0.002644831273203696,-0.0015004060058689817,-0.0004896089834516282,0.00035898292127711784,0.001015139688667066
-0.001435548216640825,5.928579795577704e-5,0.0015942625189313553,0.0031638994372049645,0.004760342357016167,0.00637460572120796,0.007997593314800877,0.009620840569286582,0.01123694300525413,0.012839665814683876,0.014423763086133246,0.015984566702004432,0.01751742950202173,0.019017120942836474,0.020477274033151804,0.021889969856298652,0.02324552274049596,0.024532498994217722,0.0257379698364697,0.026847969417352235,0.027848105491495634,0.028724255836562573,0.029463278754722655,0.0300536703113079,0.030486112540337285,0.030753873180261238,0.030853035891868164,0.03078255787191697,0.030544167349674023,0.03014212535385985,0.029582883780006952,0.02887467520710718,0.028027069614651623,0.027050529941894386,0.025955993243401476,0.024754497946112952,0.02345687120126394,0.022073484167763446,0.020614077678040577,0.01908765634755616,0.017502445859176152,0.015865905827663784,0.014184789198924186,0.012465238397896261,0.010712908242318075,0.00893310583752216,0.00713093814427701,0.005311458584779771,0.0034798048718851504,0.0016413211888739454,-0.00019834109524996535,-0.002033148818524122,-0.0038566418853531736,-0.005661919562696127,-0.0074416587138115275,-0.009188162955597434,-0.010893440219009953,-0.01254930475751026,-0.014147498361055,-0.01567982447135341,-0.017138288134695756,-0.01851523433922475,-0.01980347731654941,-0.020996413873248354,-0.02208811475818262,-0.023073389438513114,-0.0239478213891835,-0.024707773004092548,-0.025350361391184517,-0.025873408475630466,-0.026275370850788793,-0.026555256530927718,-0.026712537029319527,-0.026747063892722966,-0.026658998885884078,-0.026448766401882207,-0.026117035391961085,-0.025664736230833096,-0.02509311558092131,-0.024403829655077036,-0.023599073495359946,-0.02268174119711519,-0.021655609620815586,-0.02052553623998632,-0.019297660528271532,-0.017979597800365177,-0.016580614742798705,-0.015111776993652626,-0.013586060989441595,-0.012018424775244618,-0.010425835413109041,-0.008827253839268412,-0.007243581318013614,-0.005697574828255725,-0.004213741625525902,-0.0028182257054045756,-0.001538700847923291,-0.00040428628202970884,0.0005544982508491891,0.0013057211239400068
-0.0019072313322845424,-0.00015017863302269063,0.0016365431570211086,0.0034470253886733637,0.005273460037708677,0.00710727055129956,0.00893999003616397,0.010763842244746247,0.012572007864434465,0.014358590327094856,0.016118327207726768,0.017846120389144016,0.01953647622627841,0.021182953073298982,0.022777706856297097,0.024311207139687152,0.02577216943631422,0.02714771862467602,0.028423767881331496,0.029585571656824072,0.030618392946592188,0.03150821599235165,0.032242435641200995,0.03281046264777299,0.033204198100099,0.03341834733089888,0.033450561612971885,0.03330141246770024,0.0329742169618914,0.032474742023915315,0.031810821309384174,0.0309919197528834,0.030028679293622407,0.028932475204226815,0.02771500688308981,0.02638794072741968,0.02496261647808895,0.023449822725058578,0.02185964240098226,0.020201365215876788,0.018483461107924537,0.016713606819704907,0.014898756517346179,0.013045246794792575,0.011158926295947946,0.00924530041714311,0.007309682025782749,0.005357339784691106,0.003393636470758743,0.0014241506052035113,-0.0005452242310668431,-0.002508206841078664,-0.004458085753686891,-0.006387708190314534,-0.008289500890783508,-0.010155521503491194,-0.01197753773692245,-0.01374713005113204,-0.015455812417245696,-0.017095164668635476,-0.018656969286299674,-0.0201333451667689,-0.021516871062775333,-0.02280069198729473,-0.023978602927972936,-0.025045105692824254,-0.025995436531956795,-0.02682556425145899,-0.027532160727716803,-0.028112547894637796,-0.028564627255309727,-0.028886799607021896,-0.02907788382247256,-0.029137044086650743,-0.02906373487167091,-0.028857672114286803,-0.028518837567947042,-0.028047521213983906,-0.02744440406679116,-0.026710680869253434,-0.025848219252192717,-0.024859749143348875,-0.023749073772303397,-0.022521291722234604,-0.021183018283575716,-0.01974259397527245,-0.018210268563972676,-0.016598350215596636,-0.014921311483217625,-0.01319584654272532,-0.011440877265370908,-0.009677509169576659,-0.007928941817481494,-0.0062203416158337355,-0.004578688064832637,-0.0030326071245943,-0.0016122074261919472,-0.0003489364758513247,0.0007245252392800161,0.0015743142253383802
-0.002320083348417157,-0.0002849426560138646,0.0017654795448609484,0.0038257404990709176,0.00588887927395243,0.007947406947026447,0.009994020324910924,0.012022011657884413,0.014025376068866446,0.01599864957449748,0.017936539029291154,0.019833426645922803,0.021682842556094428,0.023476997504662922,0.025206454564369984,0.026859995977698947,0.028424712558509313,0.02988631288864818,0.031229622076999863,0.032439218548355075,0.033500144355814054,0.03439862056650922,0.03512270370846737,0.03566283039657181,0.03601221277054689,0.03616706479240772,0.03612665648158808,0.03589320799964968,0.03547164693433391,0.034869259612517745,0.034095270798708555,0.03316038615297945,0.03207632905318558,0.030855398680956547,0.02951007047563703,0.028052653919569348,0.026495016718945497,0.024848379191118042,0.023123178293032787,0.02132899730666571,0.019474554705714908,0.017567744059382218,0.015615715844047973,0.01362499158505548,0.011601600705819504,0.009551230713341852,0.007479381820794995,0.005391517752555419,0.003293205269522481,0.0011902358850477412,-0.0009112756871418881,-0.0030048206037469605,-0.005083455395624714,-0.007139793373162284,-0.009166027882147265,-0.011153985813050049,-0.013095208257138058,-0.014981053803040378,-0.016802818756309623,-0.01855186762208616,-0.020219766591619948,-0.021798412579194792,-0.023280150609167993,-0.02465787307247469,-0.02592509554560829,-0.02707600544903066,-0.028105481738950555,-0.029009085967957038,-0.029783027281404806,-0.030424106084858238,-0.030929643062090673,-0.03129740178530849,-0.03152551419921279,-0.03161241866752462,-0.03155681997450488,-0.03135767965616543,-0.03101424333108227,-0.03052610940107625,-0.029893340740062335,-0.029116617970521563,-0.02819742985559648,-0.02713829343766916,-0.025942994053012924,-0.024616833444231823,-0.02316687303616538,-0.02160215914075625,-0.01993391745732609,-0.01817570571423266,-0.016343515575224288,-0.014455817871613874,-0.012533548641716852,-0.010600037156430542,-0.008680880869328167,-0.006803775841320192,-0.004998314465912035,-0.003295765105223669,-0.0017288504239796332,-0.00033154270848179124,0.0008611047479414324,0.0018130710088075652
-0.00265632926484205,-0.00033127655931375344,0.001991449385837729,0.004307748707816472,0.00661226034943363,0.008899186050240093,0.01116282570199889,0.013397815356355647,0.015599088875114742,0.017761612993341558,0.019879969060978997,0.021947869257148422,0.023957698349247547,0.025900163648427732,0.027764117142411227,0.029536587888531418,0.03120303361123744,0.03274779226679714,0.03415469080574107,0.03540775211848013,0.036491933488153716,0.03739383073354796,0.03810229039560964,0.038608885812285276,0.03890822938257221,0.03899811041745638,0.038879463727074626,0.038556187048459645,0.03803483473415392,0.03732422054109641,0.03643496410876734,0.03537901436923985,0.0341691794592518,0.03281868753324346,0.03134079698324088,0.029748468606988876,0.028054106716362437,0.026269371357432014,0.02440505987836117,0.022471053061449364,0.02047631887036383,0.018428965438699763,0.01633633410487878,0.014205122947602788,0.012041531279711748,0.009851415828076693,0.007640449802715832,0.005414276704461596,0.0031786515214657918,0.0009395629158710506,-0.0012966688979627605,-0.0035233226373110327,-0.005733237473342534,-0.007918806784916299,-0.010072003786462336,-0.012184437109957091,-0.014247432912228852,-0.016252138700642238,-0.018189642903183145,-0.020051103332532794,-0.021827877180861766,-0.023511645091167654,-0.02509452221927111,-0.026569150041469758,-0.027928763956034164,-0.029167233421739436,-0.03027907338794611,-0.0312594279826901,-0.03210402969683557,-0.032809139475741045,-0.0333714750398153,-0.03378813624388988,-0.03405653721245594,-0.03417435524652257,-0.034139506024212896,-0.033950153399278094,-0.033604760185038884,-0.03310218379726715,-0.03244181767234933,-0.031623776172943874,-0.030649117466316156,-0.02952009584638482,-0.028240432397142357,-0.026815590964785585,-0.025253045278617048,-0.023562522840237854,-0.021756211928092295,-0.019848919713005397,-0.017858171960996483,-0.015804247966358265,-0.013710148022970436,-0.01160149468915872,-0.009506373105450994,-0.00745511946592492,-0.005480070225368561,-0.003615287582357407,-0.001896279092009845,-0.0003597308563860757,0.0009567254137539116,0.0020146910618179525
-0.002900359579070866,-0.0002774598881338797,0.0023230661131696806,0.0048992882990370745,0.007448117471982485,0.009965945506607898,0.012448998182601922,0.014893411459991679,0.01729507024543997,0.019649273396105116,0.021950306000774855,0.024191007144831467,0.026362417295274554,0.02845357483487243,0.03045150847608058,0.0323414448089232,0.03410722209145067,0.0357318763751624,0.03719834716197923,0.038490238817397326,0.03959257140381878,0.040492459736644726,0.04117967067904926,0.04164702382561636,0.04189061749092815,0.041909878223156394,0.0417074462492768,0.0412889202303135,0.04066249194553073,0.03983850503470743,0.03882897210750569,0.03764708203995104,0.03630672490142617,0.03482205647573133,0.033207118453487894,0.03147552463810088,0.029640218316342892,0.02771330153175411,0.0257059334601899,0.023628292412017693,0.021489594093838438,0.019298157536036253,0.01706150940159379,0.014786517117106435,0.012479541309839082,0.01014659832267073,0.007793524065322632,0.0054261311199144124,0.003050351841424437,0.0006723611764214432,-0.0017013259357838706,-0.004063786424445492,-0.006407652632358651,-0.008725108441117069,-0.011007917292189084,-0.013247479841434373,-0.015434917480389831,-0.017561176605214168,-0.01961714739594589,-0.02159379006320794,-0.023482261097473422,-0.025274032071785246,-0.026960994035679864,-0.028535541501467865,-0.02999063143836045,-0.031319814496277854,-0.03251723778664539,-0.03357762082965188,-0.03449620858893532,-0.03526870769258972,-0.03589121381573612,-0.036360139615110754,-0.036672153421925646,-0.03682413901105974,-0.03681318611472273,-0.03663661993278433,-0.03629207576333782,-0.035777622148807975,-0.03509193276881506,-0.034234503917921266,-0.0332059110184737,-0.03200809448023101,-0.030644662564074387,-0.02912119694401305,-0.0274455455519389,-0.02562808713786424,-0.02368195282213348,-0.021623191725127278,-0.019470870437569676,-0.017247099486978446,-0.014976983865533366,-0.012688498885662813,-0.010412296885664585,-0.00818145438947715,-0.006031173025150327,-0.003998450654178143,-0.002121741630862317,-0.00044062681746215304,0.0010044851049162418,0.0021726033557945
-0.0030393951042722023,-0.0001142589989235887,0.0027668589204501437,0.0056049384811873715,0.008399721651831449,0.01115016104961919,0.013854597024745008,0.01651069287674556,0.019115182846496825,0.021663506702483293,0.024149415004354413,0.02656462884849997,0.028898627121654474,0.031138614699378397,0.033269699618213355,0.03527527974119682,0.03713761360453782,0.038838529197811944,0.040360210604368785,0.04168599669814865,0.04280112823119575,0.043693388426542246,0.04435359571800612,0.044775923363344905,0.04495803716635871,0.044901057666505206,0.04460936557484896,0.04409027819094824,0.043353629796727855,0.042411290802126356,0.0412766592409306,0.03996415479318571,0.038488740609511574,0.03686549255682392,0.03510922970839436,0.03323421442998331,0.031253925578133224,0.02918090429175857,0.02702666867117598,0.02480169126006393,0.02251543158243674,0.020176414921741603,0.017792347942606312,0.015370261543085295,0.012916671402900981,0.01043774700275435,0.007939480395794174,0.005427846696968608,0.0029089491122005207,0.0003891423548045836,-0.0021248705127669965,-0.004625971430466613,-0.0071065930306328795,-0.009558717244539938,-0.011973905793593698,-0.01434335994340774,-0.01665800540308826,-0.018908596931113575,-0.021085836144471237,-0.023180495298420478,-0.02518353947705476,-0.02708623976105695,-0.028880270546500775,-0.0305577852760619,-0.032111466379844966,-0.03353454714011006,-0.03482080539299037,-0.035964531331415195,-0.036960474023349565,-0.03780377344130548,-0.03848988664103237,-0.03901451807002232,-0.0393735646912825,-0.03956308657490837,-0.03957931278599469,-0.039418690784982946,-0.03907798521868289,-0.0385544290382871,-0.037845926509278094,-0.036951304094334336,-0.035870601637400856,-0.03460539300784449,-0.03315912261983822,-0.031537442236175384,-0.02974853136235156,-0.027803384441337453,-0.025716049008496444,-0.02350380092488935,-0.021187245673561783,-0.018790338316434063,-0.016340318861850722,-0.013867564249789854,-0.011405362675746211,-0.008989620306119939,-0.006658514370673885,-0.004452109970412899,-0.0024119605774699515,-0.0005807140407285694,0.000998253087715284,0.002281149915185132
-0.0030640965637744877,0.0001646549692684296,0.0033270101513300787,0.00642747647569708,0.009469044554748063,0.012453448571518866,0.015381185891845561,0.018251342202488363,0.021061288825680702,0.023806331457607133,0.02647939247142217,0.029070801606392305,0.0315682534174484,0.03395696674223059,0.03622005501515568,0.03833909017295767,0.04029482048861022,0.0420679864631075,0.04364017031169931,0.044994613834895336,0.046116945745554805,0.0469957712335769,0.04762309165902279,0.04799453865764214,0.0481094227101031,0.04797060986898316,0.04758425087191975,0.046959393838861274,0.04610751516904665,0.04504200349453935,0.04377762922549033,0.04233002806175801,0.04071522157758656,0.038949192264392085,0.037047524771854246,0.03502511990060464,0.03289598340775335,0.030673087997261206,0.028368303989738664,0.025992392040444123,0.02355504980113743,0.02106500348866902,0.018530134822186017,0.01595763363106162,0.01335416654708732,0.01072605253107195,0.00807943651896581,0.005420453192272134,0.0027553737783136967,9.072986297509189e-5,-0.0025665905542888723,-0.005209278133899264,-0.007829570243761186,-0.010419252218750064,-0.012969690433498382,-0.015471894192433222,-0.017916601959396594,-0.020294386164514844,-0.02259576982122491,-0.02481134753755354,-0.02693190327799666,-0.028948517471988566,-0.030852656794563504,-0.032636241157698365,-0.034291684107314424,-0.03581190484758867,-0.03719031240464199,-0.038420764859170564,-0.039497508964256856,-0.040415107648002824,-0.04116836470803298,-0.041752257274094706,-0.04216188721066194,-0.042392462455194124,-0.042439318292375905,-0.042297986759165074,-0.04196431983114701,-0.04143466888745406,-0.040706119374521066,-0.03977677581327832,-0.03864608857414442,-0.03731521043884101,-0.03578736812743033,-0.03406823191005515,-0.03216626531434619,-0.03009303688774656,-0.027863477015225957,-0.025496064889459102,-0.023012933775578226,-0.020439886538545338,-0.017806317792931292,-0.01514504374749448,-0.012492045593845535,-0.009886136878830332,-0.007368569477786746,-0.004982596359909053,-0.0027730121637481453,-0.0007856945887647626,0.0009328292837227359,0.0023357673914392585
-0.002969086662353071,0.0005623708537663141,0.004005165312028769,0.007367793996733152,0.010656747389763854,0.01387659737661373,0.01702988900110336,0.02011689571112285,0.023135312269413344,0.026079964938777955,0.028942614240164755,0.03171191207487789,0.0343735542402106,0.03691064431541102,0.03930425900294354,0.04153418162923428,0.04357975237657152,0.04542077270089262,0.047038397936608245,0.04841595587958203,0.04953963889552648,0.050399030996688854,0.050987447320070434,0.05130207957032917,0.05134395562079108,0.05111773341766357,0.050631357935857046,0.04989561499975936,0.04892361752002605,0.04773025860301372,0.04633166272423139,0.04474466143518674,0.04298631457275759,0.04107349224186985,0.039022527393334006,0.036848943924765454,0.03456726106617447,0.032190871435530344,0.02973198754286921,0.02720164961116822,0.024609786268403155,0.021965318842225745,0.019276299560529342,0.016550073849357805,0.013793457067423187,0.011012916386521798,0.008214749099876961,0.005405249405190826,0.0025908566627697027,-0.00022172073483028854,-0.003025410437861087,-0.00581271325687549,-0.00857567384496738,-0.011305884820572487,-0.013994522548137489,-0.01663241119473602,-0.019210110218757404,-0.02171801920496197,-0.02414649302085836,-0.026485959706076923,-0.02872703338188254,-0.03086061482377822,-0.032877973193448096,-0.034770803764187175,-0.036531258250136034,-0.0381519464840232,-0.03962591056673137,-0.04094657509349675,-0.04210767948148364,-0.04310320060647799,-0.04392727572733479,-0.04457413687258782,-0.04503806835050117,-0.04531339872717499,-0.045394537453349315,-0.045276064326638554,-0.04495287722880592,-0.04442040021772531,-0.04367485027307305,-0.0427135570290873,-0.04153532593815701,-0.04014083176396843,-0.03853302635854039,-0.036717542555776195,-0.034703074888816854,-0.03250171781681699,-0.030129243266036276,-0.027605301510986724,-0.024953532632696618,-0.02220157982061899,-0.019381000409716354,-0.01652707551087973,-0.013678524135385395,-0.010877132570733306,-0.008167314199361009,-0.0055956187623729114,-0.0032102131049835947,-0.0010603575981948943,0.0008040963334403628,0.0023331618325586057
-0.0027533532873786903,0.0010785062436160509,0.004800328750984573,0.008424879830122745,0.011962217011998622,0.01541963384060585,0.01880146377001779,0.02210881313005908,0.02533929978839966,0.028486872347272207,0.03154177385166479,0.034490695516398606,0.03731714246123152,0.04000200807169785,0.04252432966703834,0.04486217851766883,0.04699362395778328,0.0488977053939581,0.05055534737719691,0.051950160634206544,0.05306908445169034,0.05390284114744803,0.054446189589984595,0.05469798010829274,0.0546610263244669,0.05434181957581119,0.05375011828425125,0.05289844791463194,0.05180154740333798,0.05047579570981586,0.048938648124010165,0.04720810683519394,0.04530224464890642,0.04323879513244622,0.041034817246324184,0.03870643791739958,0.03626867214759022,0.03373531715679867,0.031118914687945143,0.02843077387595283,0.02568104590323861,0.022878840934994926,0.020032377463909956,0.01714915412935225,0.014236134263793776,0.011299933830364317,0.008347004033985694,0.005383800707129627,0.002416933584320713,-0.0005467102209122388,-0.00349987285197928,-0.006434865256930156,-0.009343540822573715,-0.012217302588423795,-0.015047141859074742,-0.017823704438194365,-0.020537379271665657,-0.023178403095109434,-0.025736973812060526,-0.02820336485682562,-0.030568032777993803,-0.0328217107528066,-0.034955481720297055,-0.036960826283332526,-0.038829642423795274,-0.04055423631379762,-0.0421272859695585,-0.04354178203568537,-0.04479095243720588,-0.045868179816564325,-0.046766922404563704,-0.047480650096601185,-0.048002807884526266,-0.0483268183395098,-0.048446133513530665,-0.04835434444894959,-0.04804535354216233,-0.047513611445122006,-0.046754416209327854,-0.04576426822320512,-0.044541270435233926,-0.04308555966758787,-0.04139975177056021,-0.039489381174607985,-0.03736331424219408,-0.035034115816095834,-0.03251834954258692,-0.02983679487747093,-0.027014567046610427,-0.024081130453743604,-0.021070200878371192,-0.018019537023755028,-0.014970627284024207,-0.011968282729029944,-0.009060152007169808,-0.006296177929396407,-0.003728018758256013,-0.0014084595753325324,0.000609159515187141,0.002271471170905315
-0.002420505397529915,0.001709098312079771,0.005708854942882535,0.009595872553364693,0.013383649336434988,0.017081913204469945,0.02069638648816241,0.0242285492961547,0.027675475328622134,0.03102980537566813,0.03427990739797648,0.037410250148209645,0.040401992658972485,0.04323376776097909,0.04588261701685248,0.048325019308968375,0.05053794712085935,0.05249988360422231,0.054191739204232814,0.055597617583280634,0.05670539506460015,0.05750709390044362,0.05799904556630109,0.058181854521472065,0.05806018441602445,0.057642396990285505,0.05694007876496565,0.055967492275974084,0.05474098754131651,0.05327840627912872,0.05159850679426503,0.04972043205349008,0.04766323782459869,0.04544549229270567,0.043084953587689157,0.040598327339741225,0.038001102800261144,0.03530746322074929,0.03253026401834935,0.029681070688618583,0.026770247363118838,0.023807086262507937,0.020799967992500168,0.017756542614035364,0.01468392165205401,0.011588871666313061,0.008478000680420372,0.005357929643696302,0.0022354421788595147,-0.0008823928655385949,-0.003988130104111143,-0.007073890017904816,-0.010131335875416259,-0.013151684264212538,-0.016125746640563765,-0.01904399771988219,-0.021896665128329662,-0.02467383359910036,-0.027365556204639763,-0.029961964738871583,-0.03245337145547067,-0.034830354962255505,-0.03708382417432077,-0.039205055813533285,-0.04118570295110624,-0.04301777442944754,-0.044693587543587654,-0.04620569895848048,-0.04754682131375221,-0.048709735139802035,-0.04968720740047994,-0.05047192902490716,-0.05105648406380059,-0.05143336251541397,-0.05159502737925692,-0.051534044139752044,-0.05124327774864401,-0.050716158417831725,-0.0499470133619373,-0.04893145729260784,-0.04766683024058249,-0.04615266744953095,-0.044391182915819005,-0.0423877458743509,-0.040151328334264935,-0.03769490176389567,-0.035035762252234814,-0.032195765894995176,-0.029201459653300788,-0.026084097332093492,-0.022879535389608296,-0.019628008751428894,-0.016373792377623708,-0.013164759738528264,-0.010051854334527377,-0.0070884947253575525,-0.004329937040484122,-0.001832621504666232,0.0003464689297958401,0.0021504092095856464
-0.0019788580218702556,0.0024466302098797854,0.0067245414563053,0.010876184421602542,0.014918177986768644,0.018862235801589744,0.02271494668982621,0.026477623336695455,0.030146285097564007,0.033711826351297436,0.03716040141917354,0.040474033298369516,0.043631429316594694,0.04660896520446434,0.04938178238762436,0.05192493308709567,0.05421450469363265,0.056228658535842246,0.057948527511773484,0.0593589305055664,0.06044887723267811,0.06121185334586654,0.06164589072333637,0.061753440661481473,0.061541077458318494,0.06101906628685727,0.060200832385965075,0.05910236879759623,0.05774161769895336,0.056137856453160495,0.054311114472829214,0.0522816414377516,0.050069441812002236,0.047693885324727514,0.04517339835209899,0.042525237093674395,0.03976534011577426,0.03690825521430252,0.033967133565999674,0.03095378270800042,0.027878768924164632,0.02475155904581028,0.02158069143012309,0.018373965915099433,0.015138642834185312,0.011881641687709443,0.008609730801251825,0.005329700245429336,0.0020485114380521807,-0.001226581816422545,-0.004487944597374671,-0.0077275065685702415,-0.010936742519030318,-0.01410668642029611,-0.01722797598707393,-0.02029092316142167,-0.02328560457847706,-0.026201964996740212,-0.029029925965919468,-0.031759491727441524,-0.034380844547352574,-0.036884422396677774,-0.039260973120534004,-0.04150158094337142,-0.04359766327820136,-0.04554093824307204,-0.04732336590745101,-0.04893706893670702,-0.05037424079826236,-0.05162705185456673,-0.05268756531532537,-0.0535476759938045,-0.054199084979629664,-0.05463332261862641,-0.054841830549810844,-0.05481611102295458,-0.05454794840516053,-0.05402970384086281,-0.05325467967199993,-0.0522175457094356,-0.050914815056497975,-0.04934535320836808,-0.04751090086138454,-0.04541658850327801,-0.04307141960455674,-0.04048869921275822,-0.03768638600685348,-0.03468734836298326,-0.0315195086003528,-0.028215864136708735,-0.024814379549166876,-0.021357749234671708,-0.017893036202973445,-0.014471198222978376,-0.011146517810615375,-0.007975957158338431,-0.005018462876952068,-0.00233424821910333,1.5917792460129476e-5,0.001971384215294414
-0.0014413294683732758,0.003280200895181995,0.007838825277207473,0.012259694247218178,0.016562043974391205,0.02075898273848109,0.02485734523745986,0.028857680747483627,0.032754428441545524,0.03653631420101666,0.04018698038714019,0.0436858360861212,0.04700909314651858,0.050130935352628025,0.05302475608030033,0.05566439463774442,0.058025303173881326,0.06008558372067796,0.06182684722356191,0.06323486158403346,0.0642999720070292,0.06501729268566558,0.06538668275912984,0.06541253063970798,0.06510337874449634,0.06447142529709815,0.06353194141635266,0.062302640638496776,0.06080303491360972,0.059053806603290404,0.05707622068378981,0.054891595745929056,0.052520846892538664,0.04998410856004343,0.04730044081749929,0.04448761891081743,0.041562002736577064,0.03853848051039899,0.03543047907190511,0.03225003196197074,0.029007895539774342,0.02571370290805408,0.022376145230904587,0.0190031701200013,0.015602187106339205,0.01218027078963857,0.008744353056580056,0.005301396772714462,0.0018585445697123504,-0.0015767622487818933,-0.004996698101136232,-0.008393002563026108,-0.011756964840905049,-0.01507944152954055,-0.01835090421392005,-0.021561511934305777,-0.024701202218275764,-0.027759793377090336,-0.030727090140836744,-0.033592984532369474,-0.036347544199509585,-0.038981081261729944,-0.04148419607688636,-0.043847792157171384,-0.04606306069112387,-0.04812143565466043,-0.050014523182368986,-0.05173401155940338,-0.05327157070440558,-0.05461875215964307,-0.055766902205756086,-0.056707101614788424,-0.057430145619419726,-0.05792657682721325,-0.05818678202116567,-0.058201161098803134,-0.057960372915048186,-0.0574556586730397,-0.05667923897286631,-0.055624775941669924,-0.054287887318205996,-0.05266669524337564,-0.05076238909525754,-0.048579779246283206,-0.046127817303209806,-0.0434200583408173,-0.04047504190513829,-0.037316571107977925,-0.03397387284996567,-0.03048162691286871,-0.026879857115033268,-0.023213683648675598,-0.01953294181496057,-0.01589167834379257,-0.012347542047784543,-0.00896109046814697,-0.005795038224504445,-0.0029134758382727277,-0.0003810897750091691,0.0017375846792329064
-0.0008251420191842662,0.004195839855988925,0.009041079454255918,0.013739003910529402,0.018310800239699443,0.022770264996744505,0.02712379068610593,0.03137054366909808,0.035502870629429584,0.03950694867952631,0.043363670530871534,0.047049733561516316,0.05053888258653272,0.05380324257100755,0.05681467051874689,0.059546055551514154,0.06197250219361772,0.06407234289818708,0.0658279403051023,0.06722625587165565,0.06825917771093293,0.06892361530761493,0.0692213812172553,0.06915888925926472,0.06874670484676004,0.06799898605574484,0.06693285417742567,0.06556773034152652,0.06392467094420384,0.06202572966251507,0.05989336833599879,0.05754993340023962,0.05501720921535158,0.05231605478076462,0.04946612610372103,0.04648568294734101,0.04339147581749092,0.04019870680963544,0.03692105625790676,0.03357076593440711,0.03015876876529644,0.02669485460252785,0.023187861468586313,0.01964588184386873,0.016076473970099148,0.012486868784781002,0.008884163970609205,0.005275497689430697,0.0016681958577975387,-0.0019301117113710298,-0.005511409361013797,-0.009067249174664394,-0.01258873965941687,-0.016066567332090997,-0.01949104733942164,-0.022852197734185786,-0.026139830768820094,-0.029343653635802713,-0.03245337055385322,-0.03545877803076225,-0.03834984556999288,-0.04111677504628153,-0.04375003344541595,-0.046240355601171235,-0.048578715892025226,-0.05075627047061415,-0.052764274349601514,-0.05459398039326713,-0.05623652978288396,-0.05768284564942183,-0.058923543118994726,-0.059948869836345064,-0.060748690994945065,-0.061312531930587166,-0.061629689408355226,-0.06168941989112087,-0.06148120942939306,-0.06099512552567932,-0.06022224662633713,-0.059155160045189614,-0.05778851441837185,-0.05611960852565634,-0.054148994774042336,-0.051881073073323236,-0.049324649436865986,-0.04649343354340285,-0.043406450749275294,-0.040088346616825365,-0.03656956581523918,-0.03288639207593835,-0.029080841507092003,-0.025200407709641492,-0.021297663487188867,-0.017429730194956417,-0.013657631638475998,-0.010045554650140343,-0.006660042829046198,-0.003569153269350256,-0.0008416083269811026,0.001454024453614533
-0.0001513266238890587,0.0051769613371246415,0.010319002302895619,0.015305750141461072,0.020159543202984853,0.024894079155727944,0.029514588313742873,0.03401824480738691,0.038394833803867545,0.04262766967252629,0.04669473714573025,0.050570007635251546,0.05422486792341319,0.05762958973597554,0.060754766676943905,0.06357264932887663,0.06605831900438908,0.06819065423238291,0.06995305991651968,0.07133394555881134,0.07232695453147331,0.07293095995399534,0.07314985351651959,0.07299216120029017,0.07247052424397848,0.07160108513707941,0.07040281733022624,0.06889683429220206,0.06710570910394553,0.06505283052285638,0.062761815866617,0.060255995548673,0.05755797893504644,0.054689306571311214,0.051670189847286885,0.04851933585368595,0.04525385251808256,0.0418892270341904,0.038439369051638916,0.034916709003142365,0.031332341249157736,0.027696201364026063,0.024017266832653483,0.02030377064434319,0.016563417742117448,0.012803594998076928,0.009031566327238227,0.0052546457107918165,0.0014803422571159075,-0.0022835270408445574,-0.006028759525039007,-0.009746724982350852,-0.013428358764222548,-0.017064187272910925,-0.020644381515786403,-0.024158832961006294,-0.02759724472872538,-0.030949230300079567,-0.03420441149284992,-0.03735250749397023,-0.04038340729275314,-0.04328721893762788,-0.04605429062657018,-0.048675200689290765,-0.051140715944273385,-0.0534417206019433,-0.05556912069034947,-0.05751373173501273,-0.059266159945468466,-0.060816689261032675,-0.06215518810843168,-0.06327105046715031,-0.06415318570311301,-0.06479007054338437,-0.06516987450597744,-0.0652806671158328,-0.06511071144024472,-0.06464884403795201,-0.06388493656159255,-0.06281042925309066,-0.061418921718740194,-0.05970680196715206,-0.057673891025037616,-0.05532407776698678,-0.05266591710668367,-0.04971316453437202,-0.04648522120643728,-0.043007466375595715,-0.03931145779177614,-0.03543498562876879,-0.03142197126283186,-0.027322208566002537,-0.023190951969004114,-0.01908836208254483,-0.015078825838414911,-0.011230173651334052,-0.007612820781528917,-0.004298863723438018,-0.0013611649461746644,0.0011275393858118932
0.0005559581558958193,0.00620494582435116,0.01165908692668971,0.01695096057143264,0.022103162151267508,0.027128462489086846,0.03203021628515801,0.03680304081346231,0.04143376286625822,0.045902608947379075,0.05018459311582424,0.054251040737461675,0.058071176135473745,0.061613698392987803,0.06484827223524237,0.06774686921235018,0.07028490703077184,0.07244215027603262,0.07420335230197539,0.07555863422846576,0.07650361154908492,0.0770392909079951,0.07717176863923658,0.0769117685026206,0.07627405882798888,0.07527678934805992,0.0739407858564678,0.07228883703502254,0.0703450029169308,0.06813396900370705,0.06568046446625386,0.06300875746865486,0.060142235691861945,0.057103075746913756,0.0539120014196981,0.050588127590338594,0.0471488841876897,0.04361001261833719,0.03998562568573005,0.03628832102430035,0.03252933746041631,0.028718743429851923,0.02486564659690904,0.020978414108231647,0.01706489345793516,0.013132624726999609,0.00918903597628562,0.005241614803731753,0.0012980505013282517,-0.002633657163304104,-0.006545124800715563,-0.010427548357575311,-0.014271700839335377,-0.018067961702063595,-0.02180637318967138,-0.02547671747257141,-0.02906860731269001,-0.03257158221396894,-0.035975201684751656,-0.03926912739163324,-0.04244318665582458,-0.0454874109408423,-0.04839204468197389,-0.051147521959903575,-0.053744411035306694,-0.05617332951857357,-0.058424835801178965,-0.06048930515158757,-0.0623568013951199,-0.0640169571669782,-0.06545887717284282,-0.06667107955864315,-0.06764149026071076,-0.06835750400980745,-0.0688061234823758,-0.06897418497962127,-0.06884867508210135,-0.06841713814975359,-0.06766816954276456,-0.06659198429799851,-0.06518104600398278,-0.06343073607781102,-0.06134003984954939,-0.058912223060539226,-0.05615547078893446,-0.05308346056900204,-0.049715842637346075,-0.046078602802752666,-0.04220428730248793,-0.03813207400618479,-0.0339076802264171,-0.029583103911036357,-0.025216201816257833,-0.020870115068979178,-0.016612559010658057,-0.012515000087485184,-0.008651747570187496,-0.005098991861866686,-0.0019338239548707392,0.0007667278395411259
0.0012702730421829678,0.007259830065531769,0.01304715483361063,0.01866544090256239,0.024136596386909126,0.029471640081152106,0.034671383770219055,0.0397274015351301,0.044623263776730315,0.04933599249817222,0.05383767719164867,0.05809717899467204,0.062081845436273486,0.06575915915988917,0.06909825088757637,0.07207121845328013,0.07465420852354976,0.07682823406065031,0.07857971714678014,0.07990076217235265,0.08078917759767235,0.08124827487923003,0.08128648041262077,0.08091680049566508,0.08015618061596763,0.07902479924523265,0.07754533330286151,0.07574222808511522,0.0736409992702396,0.07126758906536601,0.06864779303362267,0.06580676890845272,0.06276863395557841,0.059556153287368296,0.05619051801110997,0.052691209195157906,0.04907594132624604,0.04536067715301595,0.041559704503713935,0.037685764773060626,0.03375022224439883,0.029763263208557156,0.025734113930447222,0.021671266877028472,0.017582705239266083,0.013476116643116764,0.009359088036174246,0.005239275038783742,0.0011245405381345996,-0.002976941053031368,-0.007056615695509638,-0.011105517787416197,-0.015114272585635913,-0.01907312943634043,-0.02297202067260029,-0.026800639672922788,-0.030548530517469974,-0.03420518100439418,-0.03776011056010242,-0.041202944843725664,-0.044523469635085355,-0.04771165790928755,-0.05075766581258678,-0.053651795503971034,-0.056384425422852935,-0.058945911361773184,-0.06132646461348612,-0.06351601625143699,-0.06550407910794531,-0.0672796210485811,-0.06883096452987081,-0.07014572801875918,-0.07121082453150551,-0.07201253124929607,-0.07253664187751019,-0.07276871018615072,-0.07269438911633008,-0.0722998651369311,-0.07157238241628505,-0.07050084610537821,-0.06907648890828133,-0.0672935804447583,-0.06515015498193932,-0.06264873018622596,-0.05979698783540588,-0.056608387082488054,-0.05310268195044099,-0.04930631725531098,-0.04525268101706015,-0.040982196461505804,-0.03654224271543116,-0.031986899972488825,-0.02737652194775464,-0.022777145517547392,-0.018259754237206938,-0.013899418644112593,-0.009774341628448813,-0.005964841481878036,-0.0025523083665950352,0.0003818282009393492
0.001963881885593377,0.008321081187843138,0.014468934139758804,0.02044017846511048,0.026255089608544502,0.0319221568374215,0.037439066453583525,0.042793972375121836,0.047967012686091604,0.05293201263822356,0.057658301628960906,0.062112564832003336,0.06626064966910716,0.07006925276456055,0.07350742345020933,0.07654783394996523,0.07916778255078549,0.0813499128525339,0.08308264823036682,0.08436035485819948,0.0851832582737253,0.08555714709708484,0.08549290304313262,0.0850058989480984,0.08411530651748755,0.08284335336580506,0.08121456518934389,0.07925502411646113,0.07699166889734999,0.07445165703449774,0.0716618035372032,0.0686481059382289,0.06543536068650768,0.062046872102360595,0.05850425177354168,0.054827303562794416,0.0510339872496397,0.047140452186200665,0.04316113115339748,0.03910888380793409,0.034995178667913684,0.030830302460896686,0.02662358582629265,0.022383634804363783,0.0181185582414245,0.01383618218023619,0.00954424347047178,0.005250556205246948,0.0009631461392274332,-0.0033096500644194116,-0.007559122121433504,-0.011776159479386372,-0.015951258456091022,-0.020074559164294126,-0.024135906673819374,-0.028124929560291445,-0.03203112801362673,-0.03584396310051163,-0.03955293865375653,-0.04314766764192557,-0.046617915777714014,-0.049953616550332036,-0.05314485378289069,-0.0561818101565108,-0.05905468281183168,-0.0617535700093943,-0.06426833574944535,-0.06658846204662128,-0.06870290104150323,-0.07059994112547452,-0.07226710258482827,-0.07369107878752557,-0.07485773852942978,-0.07575220376312553,-0.0763590145431805,-0.07666238969131989,-0.07664658752845632,-0.07629636621471647,-0.07559753801065394,-0.0745376063917842,-0.07310646970921475,-0.07129717029371951,-0.06910666384232123,-0.06653658086781933,-0.06359395015015368,-0.0602918536584256,-0.05664998339749516,-0.05269507307732324,-0.048461181330551995,-0.04398980826302479,-0.03932983319350303,-0.03453726824975645,-0.029674829727515117,-0.024811336456943778,-0.020020951527935704,-0.015382290290071765,-0.01097742329005591,-0.006890807511473529,-0.003208182770959578,-1.5472294917273643e-5
0.0026088357791080874,0.009368425791133728,0.015910660399137466,0.022266746477003885,0.02845443098260736,0.034478987811966455,0.0403345157392363,0.04600550803985337,0.05146863548052183,0.05669467024580532,0.06165047012531044,0.06630094030682532,0.0706108941550343,0.07454674359121816,0.07807796291224722,0.08117828565834406,0.08382661097550903,0.08600761244636246,0.08771205743494814,0.0889368577555536,0.08968488240584938,0.08996456998441804,0.08978938229738676,0.08917714181574476,0.08814929448742248,0.08673013642925431,0.08494603873898843,0.08282469956633998,0.08039444709817767,0.07768361160022508,0.07471997938744623,0.07153033675410425,0.06814010759575195,0.06457308475166545,0.060851251993712996,0.05699469106154309,0.053021566150564414,0.048948176747480865,0.04478906862645271,0.04055719212092734,0.036264096432573556,0.03192014869894644,0.02753476679130351,0.023116655335326808,0.018674035224286012,0.014214857910789025,0.009746997001586877,0.005278411116273141,0.000817273575115518,-0.0036279337848887927,-0.008048363551130588,-0.012434781478691814,-0.016777578280667615,-0.021066810022502658,-0.02529226117857375,-0.029443523177002273,-0.033510080369014705,-0.03748139487978008,-0.04134698178563978,-0.04509646655715782,-0.048719617726394215,-0.052206349272144514,-0.05554668923054562,-0.05873071346216685,-0.06174844623954989,-0.06458973223242737,-0.06724408740614374,-0.06970053914020324,-0.07194746833484444,-0.07397246822343773,-0.07576223587806563,-0.0773025128408733,-0.07857809082809819,-0.07957289697574277,-0.08027017062209874,-0.08065274020601043,-0.0807034046185593,-0.08040541845295834,-0.07974307527933888,-0.07870237759312992,-0.07727177673991203,-0.0754429612067562,-0.07321166748275143,-0.0705784844941797,-0.06754962063498349,-0.06413760180251282,-0.060361869705527926,-0.05624925205178721,-0.05183427998335466,-0.04715933316895793,-0.04227459907607889,-0.03723783986493201,-0.03211396776398345,-0.026974437371022564,-0.021896470736809448,-0.016962138007450278,-0.012257322533296922,-0.007870604449520258,-0.003892100605183302,-0.0004123012346148869
0.0031781145785210185,0.010382701466028266,0.017359676548788894,0.02413769298482249,0.030731172771151005,0.03714162111772534,0.04335923905451855,0.049364777230521906,0.0551315587149257,0.060627589073052324,0.0658176685908396,0.07066542415751575,0.07513518632467742,0.07919364935360607,0.08281126729153554,0.08596335584300663,0.08863088664561447,0.09080097632814832,0.09246708649315627,0.09362896190053105,0.09429234231181649,0.09446848864055246,0.0941735664223029,0.0934279295135183,0.09225534480009268,0.09068219503684682,0.0887366922372208,0.08644812873682728,0.08384618754743256,0.08096032820508992,0.0778192592218585,0.07445050362490724,0.07088005999429559,0.06713215792480343,0.06322910393274306,0.05919121147649653,0.05503680691556179,0.0507823018495861,0.04644232130871506,0.04202987666808067,0.037556571897799707,0.033032831807035645,0.028468141275668657,0.023871285070711235,0.019250578701874854,0.01461408186301627,0.009969787314368705,0.005325779557385335,0.0006903593077871584,-0.003927868459278283,-0.008519943284186038,-0.0130765333699574,-0.017587951873232033,-0.022044200462370878,-0.026435033825796594,-0.030750037657780727,-0.03497871185048895,-0.039110550244651154,-0.043135108389710464,-0.04704205137189277,-0.050821174898538324,-0.05446239446524226,-0.05795569953712221,-0.06129107217302865,-0.06445837230871598,-0.06744719486029949,-0.07024670675708355,-0.07284547479187031,-0.0752312976055669,-0.07739105702438431,-0.07931060517639299,-0.08097470419090724,-0.08236703472577345,-0.08347028801754908,-0.08426635360482448,-0.08473661139153332,-0.0848623324096427,-0.08462518768173544,-0.0840078591947373,-0.08299474143856322,-0.08157271652464715,-0.0797319808774124,-0.07746689717713862,-0.07477684189221989,-0.07166701659799912,-0.06814919050856805,-0.06424234235093307,-0.05997317191649687,-0.055376455284515735,-0.050495222700267295,-0.04538074421187854,-0.04009231516696099,-0.034696841242103815,-0.02926823049130256,-0.023886607611502964,-0.018637372897997384,-0.013610134889603831,-0.008897551214092747,-0.00459411642268881,-0.0007949384939642812
0.0036467786805194358,0.011346696114358235,0.018805007832964904,0.026046898732259738,0.033082815178056,0.039910108798895116,0.04651494997879091,0.05287443930835645,0.058958834530278725,0.06473380577360777,0.07016263314166649,0.07520826747857168,0.07983518642886267,0.08401099247088917,0.08770771606496774,0.09090280404788409,0.09357978970475411,0.0957286555671053,0.09734591221175348,0.09843442574923777,0.09900303315054249,0.09906598815548318,0.09864228150921805,0.09775487807763783,0.09642991046068428,0.09469586453136314,0.09258278733235636,0.09012154236444525,0.08734313183578735,0.08427810016759052,0.08095602815429404,0.07740512277309275,0.07365190379017372,0.06972098503702684,0.06563494551757776,0.06141428332269694,0.0570774436308068,0.05264091081711575,0.048119353835922585,0.043525813544205594,0.03887192046747945,0.03416813164682031,0.02942397562730692,0.024648295335847337,0.019849479532778602,0.015035674688192557,0.010214970507649301,0.005395553884470772,0.0005858277519608102,-0.004205506895648359,-0.008969405701190869,-0.013696470417676299,-0.018376969460950576,-0.023000884245369946,-0.027557974631760906,-0.032037855743481725,-0.036430077703347497,-0.040724199573694,-0.04490984899070316,-0.04897675970323423,-0.05291478046268461,-0.05671385044565369,-0.06036393857828548,-0.06385494669334779,-0.06717657928177934,-0.07031818556724856,-0.07326858257947277,-0.07601587065968962,-0.07854725522202122,-0.08084889044363441,-0.08290576170433583,-0.08470162390833069,-0.08621901219815742,-0.08743933996068787,-0.08834309642584648,-0.08891015262665247,-0.08912018013712242,-0.08895318200067326,-0.08839012982283156,-0.0874136953831739,-0.0860090596048182,-0.084164776598052,-0.08187366605613633,-0.07913370379308127,-0.07594887790470484,-0.07232997708369471,-0.06829527814177672,-0.06387110183113576,-0.05909220957923411,-0.0540020186490171,-0.04865261932764886,-0.04310458478885204,-0.0374265719707223,-0.03169471983254857,-0.025991859352552993,-0.020406557256307245,-0.015032022394836808,-0.009964909630562957,-0.005304060795572774,-0.0011492255785876537
0.003993081678883126,0.012245939781291515,0.020237887852445624,0.02798988903552857,0.035507950229225926,0.042785082404438235,0.04980348844432525,0.05653689563954156,0.06295294397053697,0.06901554125713805,0.07468710176117366,0.07993059505391598,0.08471134575684092,0.08899854081645842,0.0927664179472365,0.0959951255386815,0.09867125963825396,0.1007880968090129,0.10234555221370334,0.10334989995947774,0.1038132975513193,0.10375315844244781,0.10319141647199404,0.10215372386327859,0.10066862087815842,0.09876671063456355,0.09647986741033421,0.09384050133503719,0.09088089699936708,0.08763263840838009,0.0841261280185428,0.08039020342144365,0.07645185161192636,0.07233601771128262,0.06806550248981225,0.06366094101290765,0.059140853180963404,0.05452175580402541,0.04981832510784434,0.04504359817576331,0.040209201761159274,0.035325597135213105,0.030402330144502887,0.02544827642401737,0.020471872725889018,0.01548132656103407,0.010484797786111333,0.005490547369823684,0.000507050303862222,-0.004456928561609619,-0.009392295133503037,-0.014289620704295292,-0.019139166440219846,-0.023930932030881813,-0.02865472150039583,-0.03330021819429474,-0.037857060353067684,-0.04231490851943187,-0.046663496345689115,-0.05089265719481295,-0.05499232026652967,-0.05895247180443297,-0.06276307920070279,-0.06641397843115504,-0.0698947281167226,-0.07319443648440815,-0.07630157043726671,-0.07920375867085339,-0.08188760311914756,-0.08433851480720245,-0.08654059127572511,-0.08847655299496049,-0.09012775550834418,-0.09147429238914873,-0.09249520145747736,-0.0931687831444803,-0.09347303551615926,-0.09338620544372045,-0.09288744994071063,-0.09195759602754539,-0.0905799819053561,-0.08874135701034191,-0.08643281396189506,-0.08365072177812838,-0.0803976272451079,-0.0766830901764406,-0.07252441861506753,-0.06794727186807714,-0.06298610261279958,-0.057684414078915225,-0.05209481433306573,-0.04627885674046439,-0.040306663467613024,-0.03425633709416953,-0.028213173670161407,-0.02226869852810287,-0.016519553493542727,-0.011066270516100651,-0.0060119718958620005,-0.0014610409947590774
0.004199494404444781,0.01306941443406684,0.021652213044968338,0.029964086116630373,0.038006357990359785,0.045767731588025384,0.05322671295758363,0.060354120159218816,0.06711558508623083,0.0734739610721582,0.07939155825403832,0.0848321415956077,0.08976264198624806,0.09415454762853992,0.09798495978307509,0.10123731278921433,0.10390177228611641,0.10597533713808582,0.10746167940033757,0.10837076266212842,0.1087182823904933,0.10852497273983941,0.10781582306277615,0.10661924448284088,0.10496622280995371,0.10288948921233088,0.10042273477747177,0.09759988971255584,0.09445448269725798,0.09101909099077199,0.08732488742991462,0.08340128650529,0.07927568829675025,0.07497331618471748,0.07051714190954561,0.06592788969224639,0.061224109719044684,0.05642231029010736,0.05153713730409093,0.04658158946403956,0.04156725761999924,0.03650457698748877,0.031403081578977865,0.026271651039414312,0.021118741166671118,0.01595259070146815,0.010781398461825464,0.005613466541426249,0.000457307049626543,-0.004678288304039491,-0.00978421464118151,-0.014851053435068096,-0.019869100523799865,-0.024828416537536313,-0.02971889243881165,-0.03453032198142392,-0.03925247239209506,-0.04387514452302055,-0.04838821415124972,-0.052781647032178025,-0.05704548174712176,-0.06116977629076947,-0.06514451666835219,-0.06895948843127409,-0.07260411496425379,-0.07606726931303198,-0.07933706925707584,-0.08240066802146595,-0.08524405531764812,-0.0878518851397394,-0.09020734777291173,-0.09229210366943841,-0.09408629612665997,-0.09556865801244596,-0.09671672512931062,-0.09750716524127467,-0.09791622741446515,-0.09792031129949219,-0.09749665051324463,-0.09662409859816323,-0.09528400041423968,-0.09346112653155769,-0.09114464351911034,-0.08832908923290494,-0.0850153195297847,-0.08121139146600953,-0.07693334812101815,-0.07220587179192828,-0.06706277543825356,-0.061547306848833916,-0.05571224591188706,-0.049619782381348454,-0.043341169377272504,-0.036956156213479474,-0.03055221266065722,-0.02422356505909251,-0.01807007243063019,-0.012195977563164373,-0.0067085736543996966,-0.0017168312578093037
0.004253592846666265,0.01381014921529955,0.023044904916268205,0.03196899023593902,0.04057905023083963,0.048859745848353064,0.0567863686271175,0.0643274756246508,0.07144745424812404,0.07810893464379509,0.08427497929224215,0.08991099430644534,0.09498632339879132,0.09947550236461744,0.10335916814613766,0.10662463121030052,0.10926613245264738,0.11128481572742599,0.11268845423769625,0.11349097343701775,0.113711814998803,0.11337518611916808,0.11250923632468401,0.11114520047603538,0.10931654220644571,0.10705812699063122,0.10440544873710111,0.10139392850533646,0.0980582988780867,0.09443208281675108,0.09054717158986403,0.08643350264241034,0.08211883508376916,0.07762861780619223,0.07298594307995554,0.06821157677231549,0.06332405506873773,0.05833983670138343,0.05327349917804591,0.048137967326542075,0.04294476260035163,0.037704262009001344,0.03242595622278044,0.02711869733515826,0.021790927928328596,0.016450884452032355,0.011106769465714983,0.005766888973100404,0.00043975285572406264,-0.004865861761442325,-0.010140882559124709,-0.015375946082682113,-0.02056142878959033,-0.02568749865211517,-0.03074417974428867,-0.0357214214449626,-0.04060916349126931,-0.04539738816811534,-0.0500761514525947,-0.05463558596251916,-0.05906587007856823,-0.06335715958700172,-0.06749948056638244,-0.07148258493180171,-0.07529577294315182,-0.07892768994752553,-0.0823661075099058,-0.08559770173017922,-0.08860784378480435,-0.09138041940984021,-0.09389769501706624,-0.09614024828743828,-0.09808698033285834,-0.0997152248125901,-0.10100096673790127,-0.10191918014757917,-0.10244428949000328,-0.10255075455291829,-0.10221377333251125,-0.10141009155702863,-0.10011890193212203,-0.09832281082476646,-0.09600884532359899,-0.09316946966736284,-0.08980357715826592,-0.08591742207421138,-0.08152545591529536,-0.07665103365747195,-0.07132695856617399,-0.06559583849696793,-0.059510232359174964,-0.05313257234932944,-0.04653485541763125,-0.03979810590079902,-0.03301161998693258,-0.02627201129736667,-0.019682084996860638,-0.01334957511288204,-0.007385785825756663,-0.001904182104307317
0.004148766512797497,0.014465672132282226,0.02441616219466214,0.03400628036633746,0.04322825874561831,0.05206322147307141,0.06048393668898733,0.06845752395278337,0.0759480310620444,0.08291880519091466,0.08933459734459648,0.09516335512291274,0.10037767552781629,0.10495590596043725,0.10888289672397722,0.11215042158337907,0.11475729376507804,0.11670921297107029,0.11801838449393953,0.11870295448736146,0.11878630613021324,0.11829626016838057,0.11726422051784136,0.11572430166574366,0.11371246989570194,0.11126572523140421,0.10842134573043882,0.10521621060077946,0.10168621373103148,0.09786577474375768,0.09378745067397576,0.08948164787881785,0.08497643080747297,0.0802974217901804,0.0754677840155229,0.07050827832496731,0.06543738332764937,0.06027146759393265,0.05502500229294238,0.0497108025702806,0.04434028619390462,0.038923738507623096,0.033470573503600054,0.02798958183605338,0.022489157827557893,0.016977498939412694,0.011462772759353257,0.005953248265695432,0.0004573899146937954,-0.005016085083187516,-0.010458184138034454,-0.015859647438256186,-0.02121098146824929,-0.0265025111272732,-0.031724442642877104,-0.036866928773974905,-0.04192012750603746,-0.046874245597444464,-0.05171955897103908,-0.05644640306768922,-0.061045127877741745,-0.06550601440528414,-0.06981915173698594,-0.07397427659644729,-0.07796058015398133,-0.08176648980162993,-0.0853794364459195,-0.08878562046141925,-0.09196979162900965,-0.09491506000227856,-0.09760275556906928,-0.10001235469008396,-0.10212149052348973,-0.10390606294149718,-0.10534046081421788,-0.10639790602554822,-0.10705092429078755,-0.10727194290612019,-0.10703401015796654,-0.10631162547103568,-0.10508166372126393,-0.10332437174219589,-0.10102441017678698,-0.09817190972801138,-0.09476350778180631,-0.09080332952130865,-0.08630387718731702,-0.08128679217669665,-0.07578345725466074,-0.06983541026674489,-0.0634945462752956,-0.05682309184398893,-0.049893343013815095,-0.04278716705491625,-0.035595276992038016,-0.02841629680587543,-0.021355643712759775,-0.01452426163174625,-0.008037246498678652,-0.002012409163414386
0.0038847098505461197,0.0150382938964424,0.02576958876795077,0.03607982804610321,0.04595736790651994,0.055380537781654304,0.0643204730725695,0.0727438407975991,0.08061537898261228,0.08790018380128117,0.09456569386025437,0.10058333746402903,0.10592982512644777,0.11058808509681262,0.11454785350443197,0.11780594237359265,0.12036621791343549,0.12223932803685811,0.12344222207268585,0.123997507307124,0.12393268662075885,0.12327931943254367,0.12207214480295336,0.12034820125916967,0.11814597303459928,0.1155045872670506,0.11246308152890494,0.10905975606717755,0.10533162045747302,0.10131394012284423,0.09703988439335731,0.09254027451095226,0.08784342721764915,0.08297508728733094,0.07795844054717316,0.07281419755177776,0.06756073709023758,0.06221429809183432,0.0567892082216197,0.05129813749748058,0.04575236559268436,0.040162052091406775,0.03453649981910356,0.02888440245367052,0.02321406891327804,0.017533618485825908,0.011851142280262739,0.0061748283043936425,0.0005130492620746274,-0.005125586034701701,-0.010732214983889765,-0.0162977329308438,-0.021812828527314476,-0.027268035661101475,-0.032653793950879084,-0.03796050920346339,-0.043178605042274665,-0.048298557175064705,-0.05331090250004378,-0.058206216457199034,-0.06297505369993761,-0.06760784925095686,-0.07209477975181988,-0.07642558713006986,-0.080589369881086,-0.08457435006594816,-0.08836762691866396,-0.09195493048655878,-0.09532039084522248,-0.09844633999106156,-0.10131316439096638,-0.10389922625547054,-0.10618087082279182,-0.10813253525789479,-0.10972697218379368,-0.11093559741692349,-0.11172896726185577,-0.11207738586410843,-0.11195163779199913,-0.11132383542238733,-0.11016836507019168,-0.1084629103742647,-0.10618952648917057,-0.10333573438581833,-0.09989560127363273,-0.09587077103706054,-0.09127140780626197,-0.08611701648428616,-0.08043710630130452,-0.07427166726327039,-0.06767143463862402,-0.0606979232385938,-0.053423220975096,-0.04592953974145031,-0.038308530710529975,-0.03066038029818774,-0.023092711886728345,-0.015719326530352795,-0.008658822876933758,-0.0020331420824124535
0.003467667369645877,0.015535205662626783,0.027112187747699412,0.038195621383915856,0.04877079354004188,0.05881420874048704,0.0682964451658079,0.07718484589482388,0.08544597491576367,0.0930477821812179,0.09996143796209056,0.10616281303477448,0.11163359689151564,0.11636206043518582,0.12034348193971445,0.12358026505811148,0.1260817851675795,0.12786400535262787,0.12894890598043363,0.129363772362868,0.12914038374244052,0.12831414413740294,0.12692319179612488,0.12500751948824274,0.12260813291250416,0.11976626939818269,0.1165226940375117,0.11291708557951408,0.10898751996277412,0.10477005534500305,0.10029841894512748,0.09560379296511945,0.09071469430016199,0.08565694065884033,0.08045369407397329,0.07512557155935307,0.06969081182729031,0.06416548649752096,0.05856374407229836,0.05289807510134015,0.04717958739155925,0.04141828080881149,0.03562331215194492,0.029803241730500307,0.02396625462217683,0.018120351095635367,0.012273502325087282,0.0064337692563083415,0.0006093842638983382,-0.005191202984031307,-0.010959312321139336,-0.016686047809752136,-0.022362334258617,-0.027978968224897205,-0.03352667533550013,-0.03899616526720928,-0.0443781756389634,-0.049663496427444276,-0.054842967337546344,-0.059907441843172204,-0.0648477133404044,-0.06965440098163489,-0.07431779522023119,-0.0788276658019873,-0.0831730377844333,-0.08734194402227669,-0.09132116528970702,-0.0950959716743136,-0.09864988092946225,-0.10196445097647722,-0.10501912458379703,-0.10779114431857728,-0.11025555509623519,-0.11238531000813845,-0.11415149258716273,-0.11552366531545077,-0.11647035006832596,-0.11695964144317683,-0.11695994869694282,-0.11644085649994462,-0.11537408912044667,-0.1137345572173567,-0.1115014613830505,-0.10865942219001568,-0.10519960299333198,-0.10112078934404423,-0.09643038776546886,-0.09114530698175205,-0.08529268655889366,-0.0789104413534285,-0.07204759512208048,-0.06476438301073673,-0.05713211021837772,-0.04923276265327914,-0.04115837453094828,-0.03301016721817085,-0.024897482783817537,-0.016936544237506457,-0.009249081894711964,-0.001960871306326606
0.00291041291649341,0.01596837964058606,0.028454217194282094,0.0403615998403315,0.05167381275033289,0.06236671773032443,0.0724115770594822,0.0817776613923269,0.09043458146254268,0.09835429869387591,0.10551278577721801,0.11189132390198697,0.1174774378628114,0.12226548309625995,0.12625690942048085,0.12946023461778422,0.13189076695011392,0.13357011930585783,0.1345255591334671,0.13478923789251684,0.13439734176646123,0.1333892021732681,0.13180640051737846,0.12969189696356542,0.12708920805960444,0.12404165302515446,0.12059168364854722,0.11678030813356655,0.11264661501548323,0.10822739948281468,0.1035568911316398,0.09866657935190837,0.09358513019218684,0.0883383866512637,0.08294944287613415,0.077438781676888,0.07182446407094334,0.06612235921375875,0.06034640303510885,0.054508874155170695,0.04862067618146426,0.04269161626489826,0.036730670798793774,0.030746230356719195,0.02474631735624211,0.018738771477326832,0.012731399521319187,0.00673208812881354,0.000748879537407543,-0.0052099876984326166,-0.01113606943839196,-0.017020733022460988,-0.02285519422448612,-0.0286305665704627,-0.03433791473870196,-0.039968303364230184,-0.04551283258309402,-0.050962652102749306,-0.056308946486827605,-0.061542885692331684,-0.06665553667063451,-0.07163773399503492,-0.07647990994028309,-0.08117188712552137,-0.08570263963549207,-0.09006003133474483,-0.09423054275376197,-0.09819900031826911,-0.10194832367774032,-0.10545930833889239,-0.10871046161123799,-0.11167790993275695,-0.11433539489745614,-0.11665437371838294,-0.11860423742810067,-0.12015265687858268,-0.12126606262627426,-0.1219102601825175,-0.12205117701705648,-0.12165573229425419,-0.12069281479626293,-0.1191343490629393,-0.11695642468742617,-0.1141404591869688,-0.11067436115701534,-0.10655365773545444,-0.10178254895274952,-0.09637485148700708,-0.09035479579707495,-0.08375764363048743,-0.07663009748549632,-0.06903047966086673,-0.06102866588593736,-0.052705766939209475,-0.04415356081384214,-0.03547368748783697,-0.026776627772521433,-0.018180496587719475,-0.009809688886303292,-0.0017934228904512572
0.0022319549339129274,0.016354269746069683,0.029808908711784543,0.04258740413712703,0.05467235155110162,0.06604034437504014,0.07666471383969098,0.08651801004063753,0.0955741746307397,0.10381037110488434,0.11120845405236546,0.1177560733636267,0.12344742255675989,0.1282836516769006,0.13227297433140972,0.13543050522903233,0.13777786910772916,0.13934262429629074,0.140157544580926,0.14025980181995124,0.13969008918147852,0.13849172129109144,0.1367097432792841,0.1343900759952783,0.13157871975163893,0.12832103408843532,0.12466110635874239,0.12064121755944068,0.11630140984503967,0.11167915661850669,0.10680913301505246,0.10172308198680069,0.09644976904668567,0.09101501701919013,0.08544181084695435,0.07975046158839216,0.07395881818411976,0.06808251534181808,0.06213524596603337,0.056129046917538616,0.05007458750459959,0.04398145096444539,0.037858400265325276,0.03171362082375717,0.02555493416115251,0.019389978088371063,0.013226350670346054,0.007071716945162176,0.0009338791074013919,-0.005179187437022836,-0.011259328131781654,-0.01729822797905811,-0.023287448181430026,-0.029218473020715674,-0.03508275861564902,-0.04087177490465743,-0.04657703230800747,-0.05219008505981604,-0.057702504175217495,-0.06310581442231156,-0.06839139147608408,-0.07355031759418251,-0.0785731966049652,-0.08344993165034653,-0.0881694718758772,-0.09271953699275981,-0.09708633122480892,-0.10125426046961561,-0.10520566841955992,-0.10892060878633503,-0.11237667154680242,-0.11554888119235818,-0.11840968425690024,-0.12092904188631293,-0.12307464089173514,-0.1248122336297941,-0.12610611323775744,-0.12691972631560233,-0.1272164202160364,-0.1269603168334137,-0.12611729935252303,-0.12465609303165381,-0.1225494159684204,-0.11977517116084169,-0.1163176472614329,-0.11216869245373307,-0.10732882406831035,-0.10180823607883926,-0.09562766761951336,-0.08881909822852085,-0.08142623966997009,-0.07350479986321368,-0.06512250151580368,-0.05635884629016541,-0.04730462442829042,-0.03806117933181863,-0.02873944620835145,-0.019458793071098324,-0.010345700629187604,-0.0015323244575227157
0.001456972022524372,0.016713318230024754,0.03119205590890539,0.04488404907397481,0.05777273875597588,0.06983699250038322,0.0810537145632817,0.09140016335246193,0.1008559374545892,0.10940460661652551,0.11703497855151523,0.12374200578374461,0.1295273484408228,0.13439961862027916,0.13837433951379818,0.14147365782861376,0.14372585127655801,0.14516467417647938,0.1458285837740272,0.1457598880036568,0.1450038524010564,0.14360780001817908,0.1416202337803658,0.1390900060080522,0.13606555502331608,0.13259422405153964,0.12872167315041372,0.1244913907529579,0.11994430766705744,0.11511851306997567,0.11004906918919799,0.10476791897028948,0.09930387908445182,0.09368270910238019,0.08792724653108097,0.0820575966490451,0.0760913656555755,0.07004392554627215,0.06392869931380574,0.057757455529184654,0.051540602061245,0.04528746961960728,0.03900657693653953,0.032705870710748375,0.026392934894582165,0.020075165482954294,0.013759908622480221,0.007454561561604844,0.0011666376610892648,-0.005096201669922085,-0.011326143708566772,-0.017515244043421863,-0.023655462151549234,-0.02973870510246579,-0.03575687099982039,-0.04170188357080784,-0.047565709510545506,-0.05334035080232402,-0.05901780527130329,-0.06458999007652455,-0.07004862467434059,-0.07538507194657162,-0.08059013861143605,-0.085653838640253,-0.0905651260879079,-0.09531160640027503,-0.09987923776747154,-0.10425203632827795,-0.10841180087923163,-0.1123378740916805,-0.11600695799451133,-0.11939300155940114,-0.12246717757251346,-0.12519796455845977,-0.12755134733455353,-0.1294911468393325,-0.13097948625228684,-0.13197739618353443,-0.13244555697356564,-0.13234517104060473,-0.1316389529095252,-0.13029221923450107,-0.1282740559917519,-0.12555853528509697,-0.12212595010110983,-0.11796403209840056,-0.11306911533353503,-0.1074472079103197,-0.10111493405256411,-0.09410031115713169,-0.08644333003778204,-0.07819631179845565,-0.06942402147148297,-0.060203526524726936,-0.05062379729351685,-0.04078505595780735,-0.030797890418626128,-0.020782158838617004,-0.010865719182605371,-0.0011830253159863524
0.0006149959958681173,0.017069282952338227,0.03262148506746465,0.04726352965447633,0.06098143503231679,0.07375802704458634,0.08557538098778528,0.09641694628370923,0.10626932568431746,0.1151236950001624,0.12297686266238061,0.12983198035710375,0.13569892614263068,0.14059438964582238,0.1445416950401781,0.14757040155399936,0.1497157233610107,0.15101781105915668,0.15152093578861914,0.151272614649264,0.15032271273168263,0.14872255304947268,0.14652406120709083,0.14377896698387582,0.14053808035157234,0.1368506549248365,0.13276384759079551,0.1283222791596761,0.12356769737950124,0.11853874059471536,0.11327079771115267,0.10779595795461061,0.10214304216125969,0.09633770599421254,0.09040260451599202,0.08435760693440342,0.07822005005369626,0.07200501897769307,0.0657256439037961,0.059393402393554506,0.05301841728488954,0.04660974140172147,0.04017562139517006,0.033723734391981175,0.027261392602038637,0.020795712616389128,0.014333747773209726,0.007882583641720675,0.0014493983275181144,-0.004958509111642417,-0.011333717384339526,-0.017668702769924938,-0.02395587289297696,-0.03018760656039321,-0.03635629128417994,-0.042454350002907315,-0.04847424879319151,-0.05440847804413851,-0.060249500655189525,-0.06598966229458947,-0.07162106059134121,-0.07713537227696543,-0.08252363967893173,-0.08777602051269762,-0.09288150752903901,-0.09782762714249937,-0.10260012858458589,-0.10718267727912512,-0.11155656791796398,-0.11570047402084338,-0.11959025150547431,-0.12319881389895881,-0.1264960962365711,-0.1294491233877415,-0.13202219651382396,-0.13417720861662374,-0.13587409672293438,-0.13707143423833434,-0.13772716248636607,-0.13779945554629514,-0.137247707356007,-0.13603362482170622,-0.13412240555846466,-0.1314839740794218,-0.1280942459727794,-0.12393638607940272,-0.11900202413151373,-0.11329238994398771,-0.1068193302480176,-0.09960617076382317,-0.09168839021030717,-0.08311407765763823,-0.07394415087165696,-0.06425232090936239,-0.05412479693896355,-0.04365973471629925,-0.032966441911877364,-0.022164363044357316,-0.011381875597540336,-0.0007549364346610687
-0.0002606281136077193,0.017448407816669675,0.03411642456275965,0.049738372148996124,0.06430474485210214,0.07780412467391429,0.09022542459459659,0.10155979936656001,0.1118022053223302,0.12095260377087058,0.1290168145333479,0.1360070366273365,0.14194206178152102,0.14684721320753225,0.1507540468394688,0.15369985514118278,0.15572701471891248,0.15688221856439144,0.15721563202939848,0.15678000885519872,0.15562980001003224,0.1538202839737428,0.15140674268010468,0.14844370278359653,0.14498425742617504,0.14107947937612852,0.13677793239520408,0.13212528403517787,0.1271640198145514,0.12193325590391835,0.11646864506013088,0.11080236858713421,0.10496320554852057,0.09897666929146265,0.09286520053788783,0.08664840583091404,0.08034332996625215,0.0739647511656294,0.06752548813807646,0.06103670880402001,0.054508231303976196,0.04794880895693954,0.041366392049823286,0.034768360703362866,0.02816172454324084,0.02155328647601884,0.01494976949174509,0.008357907047915614,0.0017844991894575557,-0.004763561921622195,-0.011279292005201391,-0.01775563392177082,-0.024185488946323996,-0.030561752114631968,-0.03687734332015058,-0.04312522581383993,-0.04929840410975972,-0.05538989403862038,-0.061392658816460166,-0.06729950648945282,-0.07310294594417988,-0.0787950007860414,-0.08436698272157628,-0.0898092285543064,-0.09511080742806532,-0.10025920742808081,-0.10524001297511232,-0.11003658651750658,-0.11462976974076833,-0.11899762078027543,-0.12311520465995907,-0.12695445432080676,-0.13048411909912483,-0.13366981633489639,-0.1364741999269592,-0.13885725711434738,-0.14077674158728604,-0.14218874727115516,-0.14304842286080754,-0.1433108225103541,-0.14293188312772243,-0.141869513629036,-0.14008477644224238,-0.13754313670120988,-0.1342157501462351,-0.1300807569646003,-0.12512454589008648,-0.11934295105288717,-0.11274234353387858,-0.10534058049675954,-0.09716777726543091,-0.08826687183019111,-0.07869395696798165,-0.06851836231575303,-0.05782247710470356,-0.046701313505951525,-0.03526182022081148,-0.0236219655611416,-0.011909618248251874,-0.00026126193968911693
-0.001133965219426436,0.017878464878040567,0.035696791880435175,0.05232114097720153,0.06774851585960961,0.08197513768605713,0.09499846777360998,0.10681889146252432,0.11744105329066912,0.12687484544560457,0.1351360620265445,0.14224674064843024,0.1482352201712902,0.15313594876015868,0.15698908008867152,0.15983989738843496,0.16173810537280087,0.16273702903030296,0.16289275611919285,0.16226325714093237,0.16090751286690974,0.15888467536370898,0.15625328411302553,0.1530705544289499,0.14939175108503067,0.14526965599245978,0.14075413500524458,0.13589180552813174,0.13072580360444208,0.12529564658066805,0.11963718528328116,0.11378263789184873,0.10776069633170149,0.10159669501767477,0.09531283113177969,0.08892842528677969,0.0824602113893036,0.07592264474648225,0.06932821793612387,0.06268777466108011,0.056010812711534186,0.049305768243397274,0.04258027482330329,0.035841392065182553,0.029095800162866947,0.022349958173943474,0.015610225498290387,0.008882947579305078,0.0021745083943320864,-0.004508646252733062,-0.01116000931725436,-0.01777303053938306,-0.02434114458606418,-0.030857801377685234,-0.03731649037409879,-0.04371075064416807,-0.0500341589565263,-0.056280288913476806,-0.062442635300415716,-0.06851449931942355,-0.07448883218350444,-0.08035803661751961,-0.08611372808050577,-0.0917464599161617,-0.09724541906904749,-0.10259810138143965,-0.1077899777146265,-0.11280416412367389,-0.11762111096462169,-0.12221832704438551,-0.12657015566235685,-0.13064761957846915,-0.1344183515305093,-0.13784662588388708,-0.14089350531960143,-0.14351711415571966,-0.14567304697967787,-0.14731491778506767,-0.14839505081914428,-0.1488653099372388,-0.1486780585299874,-0.1477872371627078,-0.14614954109132272,-0.14372567496649236,-0.14048165750010622,-0.13639014485798873,-0.13143173828347177,-0.1255962391761023,-0.11888381376527457,-0.11130602982144655,-0.10288672968491142,-0.09366270734680304,-0.08368416238926768,-0.07301491018464157,-0.061732335660184656,-0.0499270868387649,-0.03770251384488299,-0.025173868609634553,-0.012467289546749694,0.0002813965920762662
-0.001967849374045816,0.018387699814255587,0.037382416815755715,0.05502390918037969,0.0713178247390931,0.0862699635083164,0.0998880663680155,0.11218326664697065,0.12317120224022338,0.13287279636496985,0.14131472421394697,0.1485295903712225,0.15455584779182852,0.15943749338251623,0.16322357780230057,0.16596756814146918,0.16772660179787025,0.16856066834669203,0.16853175371133533,0.1677029777106176,0.1661377522994516,0.16389898373912137,0.16104833771081184,0.15764558217882785,0.15374801874533395,0.14941000941764715,0.1446826022047616,0.1396132558216685,0.13424566103636382,0.12861965385604845,0.12277121381383527,0.11673253907249626,0.11053218888856575,0.10419528315522353,0.09774374824128174,0.09119659814055625,0.08457024001754121,0.07787879355754734,0.07113441408092225,0.06434761014088552,0.057527547270888046,0.05068233066035832,0.04381926079293885,0.03694505745450449,0.030066048980910143,0.023188325136421994,0.016317853557399342,0.009460561223784136,0.002622383891835778,-0.004190712209621861,-0.010972730894481142,-0.017717662190285477,-0.02441950681242,-0.03107230106625547,-0.03767013408581388,-0.04420714943378412,-0.050677523552216996,-0.05707541437042929,-0.06339487453855996,-0.06962972524072475,-0.07577338831522562,-0.08181867642305285,-0.087757543199106,-0.09358079762195315,-0.09927778916838648,-0.1048360725932751,-0.11024106330604955,-0.11547569621596443,-0.12052010250642509,-0.12535131999887605,-0.12994305351262758,-0.134265501864812,-0.13828526784238138,-0.14196536658842485,-0.14526534636535393,-0.14814153358764104,-0.150547411374089,-0.15243413768297787,-0.1537512054102903,-0.15444724271381283,-0.1544709473564434,-0.1537721441436788,-0.15230294968905422,-0.1500190239291621,-0.14688088320368342,-0.14285524551640627,-0.13791637502022924,-0.13204739005342958,-0.1252414974246694,-0.11750311531197877,-0.10884884828112762,-0.09930828065802588,-0.0889245588462062,-0.07775473910471309,-0.06586988462285515,-0.053354904157628,-0.04030813363543029,-0.026840671458656207,-0.013075487225707061,0.0008536684436100117
-0.002725328885089695,0.019003712104490145,0.03919221628579317,0.057857694749054556,0.07501664124017582,0.09068640315512866,0.10488673069966792,0.11764099788270599,0.12897709921807454,0.1389280351307245,0.1475322068561402,0.15483344792831621,0.16088082409920323,0.1657282367222468,0.16943386633308544,0.1720594934924562,0.1736697330811472,0.17433121634197457,0.17411175225128783,0.17307949647600163,0.17130215242880764,0.16884622495545898,0.16577634313539935,0.16215466468755402,0.15804037065816923,0.15348925551364667,0.14855341452933946,0.14328102749622218,0.13771623528166765,0.1318991036848498,0.12586566731557491,0.11964804488320624,0.11327461628974467,0.1067702512553641,0.10015657884068574,0.0934522871443555,0.08667344262317433,0.07983381888344043,0.07294522540534709,0.06601782746694074,0.05906044951046718,0.052080855320751684,0.04508599964043869,0.038082247205653896,0.03107555662024941,0.0240716279665536,0.017076014541117512,0.010094200567844158,0.0031316481381935546,-0.0038061820831414295,-0.010713830711309047,-0.01758585343254282,-0.024416841401003087,-0.03120144046430573,-0.037934361293717966,-0.04461037266705947,-0.0512242706559527,-0.05777081730576539,-0.06424464355686688,-0.07064011261676884,-0.07695114171998307,-0.08317098215907714,-0.08929195957900049,-0.09530517873046529,-0.10120019910342926,-0.10696469003041686,-0.11258407588161035,-0.11804118379145656,-0.12331590788535074,-0.12838490514753875,-0.13322133882876797,-0.1377946855859955,-0.14207062233912549,-0.1460110080955337,-0.1495739747175766,-0.15271413878867834,-0.1553829443776169,-0.15752914362836234,-0.1590994187458712,-0.1600391451521168,-0.16029329141421345,-0.15980744707817607,-0.15852896488328394,-0.15640819911277992,-0.15339981721528995,-0.14946415749428876,-0.14456860182061648,-0.13868892920518405,-0.13181061391060034,-0.12393003080937515,-0.11505553111106748,-0.10520835353015023,-0.09442333952545123,-0.08274942639088456,-0.07024989858383579,-0.05700238548761938,-0.043098602442116274,-0.028643840855794966,-0.013756221962253345,0.001434263313706996
-0.0033711492411545585,0.019752297209530756,0.04114333036307327,0.06083185774097899,0.07884745343550437,0.09522098242949051,0.10998591187723905,0.12317930934108423,0.13484253688100534,0.14502165769527187,0.15376757852469014,0.1611359561532293,0.16718690002444214,0.17198450527360043,0.175596251428924,0.17809230178694468,0.17954473717213792,0.18002675562666592,0.1796118667276949,0.17837310588335686,0.17638229029062602,0.17370933441142222,0.17042163897926432,0.16658356380745776,0.16225599112771194,0.1574959829176108,0.15235653272767813,0.14688640992581625,0.1411300920526246,0.1351277791280907,0.12891548225851812,0.12252517774743188,0.11598501709400422,0.10931958274520603,0.10255017922958443,0.09569514931796252,0.0887702051084065,0.08178876439790139,0.0747622833625532,0.06770057740259361,0.06061212299893137,0.05350433455449233,0.04638381143465242,0.03925655175246767,0.03212813083944566,0.025003843771162604,0.017888812746205573,0.010788061510397462,0.003706560338140541,-0.0033507537106096663,-0.01037897548608857,-0.017373242763558228,-0.024328752310455837,-0.031240773364817453,-0.03810465079601899,-0.044915790434820746,-0.05166961958956229,-0.05836151660842459,-0.06498670449283894,-0.07154010499140284,-0.07801615127340966,-0.08440855915147649,-0.09071005883956751,-0.09691209133401735,-0.10300447562278148,-0.10897505499047755,-0.11480933262184934,-0.12049010844281405,-0.12599713061077722,-0.13130677621298092,-0.13639177650291723,-0.14122100235566348,-0.145759325521424,-0.14996757067796507,-0.15380257221295857,-0.15721734810007648,-0.1601614011705461,-0.16258115553482044,-0.1644205328961541,-0.16562167004952544,-0.16612577501802583,-0.16587411510577565,-0.16480912572290674,-0.16287562427199642,-0.16002210881346368,-0.1562021168173664,-0.1513756152583765,-0.14551038984123554,-0.13858339849273937,-0.1305820526606456,-0.12150538963808177,-0.11136510026097879,-0.10018637901647898,-0.08800856787172817,-0.07488557089524805,-0.06088602378162333,-0.04609321036317393,-0.03060472663830227,-0.014531901210456777,0.0020010113000910046
-0.003873232491828915,0.02065627094235767,0.04325022167786097,0.06395344529958313,0.08281082910817972,0.09986870116243152,0.11517591145339301,0.1287846203427505,0.14075080702487508,0.15113451732145933,0.15999987545221828,0.16741488847403296,0.17345107483158007,0.17818294995803496,0.18168740219196478,0.18404299155934156,0.1853292023566837,0.18562567812624176,0.18501146470763752,0.1835642837493654,0.18135985552651634,0.17847128628133335,0.1749685317046965,0.17091794471336375,0.16638191243106526,0.1614185843121705,0.15608169069516054,0.1504204487633225,0.1444795509307153,0.13829922905947623,0.13191538663935853,0.12535979010401865,0.11866030980083897,0.11184120074980974,0.10492341319969478,0.09792492309539513,0.0908610728888779,0.0837449136384576,0.07658754002984569,0.06939841080028186,0.06218564803561888,0.054956309921576185,0.04771663274331539,0.04047223921906573,0.033228311598007654,0.025989729320949895,0.01876117240280717,0.011547193014201707,0.004352258979586132,-0.0028192259662835895,-0.009962919349789434,-0.01707454796019059,-0.02414991952170853,-0.031184930562466295,-0.03817556296668201,-0.0451178619436452,-0.05200788869000439,-0.05884164185833285,-0.0656149430623496,-0.07232328302601054,-0.07896162658637662,-0.0855241765474557,-0.0920040983027679,-0.09839320914102823,-0.1046816381592186,-0.11085746466530955,-0.11690634479303297,-0.12281113770996077,-0.12855154421801274,-0.13410377166929166,-0.13944023990382792,-0.14452934332206357,-0.1493352842042066,-0.15381799196075807,-0.15793314212849374,-0.1616322876081031,-0.1648631128700333,-0.16756981963808615,-0.16969364990414304,-0.17117354904809678,-0.17194696836081302,-0.17195080243456218,-0.17112245275415106,-0.1694010044764922,-0.16672849893929031,-0.16305128003599645,-0.15832138841366383,-0.15249797370054408,-0.14554869188383535,-0.13745105277485248,-0.12819368145105203,-0.11777745785214,-0.1062165004731832,-0.09353896340080414,-0.07978762073204493,-0.0650202185281783,-0.04930958158757992,-0.032743470046220136,-0.015424188604177047,0.0025320415653542483
-0.004204121939623828,0.021734287726993706,0.04552373319629632,0.06722646554627065,0.08690488273065133,0.10462267080519982,0.12044566779219767,0.1344424593392639,0.14668472173702396,0.15724733324102136,0.1662082788994801,0.17364837717559034,0.17965085858108099,0.18430082735891373,0.18768463705946514,0.18988920976550894,0.19100132687788118,0.1911069169259183,0.19029036297043822,0.18863384897062607,0.18621676113100527,0.183115156854869,0.17940131061377418,0.17514334288636269,0.17040493539208468,0.165245133193904,0.15971823190101464,0.153873746182712,0.14775645411155258,0.14140651048160358,0.13485962118140682,0.12814726992505987,0.12129698813651668,0.11433265852255392,0.10727484283746458,0.10014112451894963,0.09294645724188344,0.08570351097824203,0.07842300785201184,0.07111404092175855,0.06378436999455728,0.05644068965595528,0.04908886587210404,0.04173413876006338,0.03438129040615712,0.027034777912346097,0.019698833136756466,0.01237753183436796,0.0050748360632284495,-0.0022053852340424562,-0.009459351668842597,-0.016683376347657042,-0.023873873297224346,-0.03102736009211915,-0.03814044839757713,-0.045209815406278775,-0.052232149690707,-0.059204065809582485,-0.06612198308603867,-0.07298196529471879,-0.07977951952415863,-0.08650935418070782,-0.09316509792272809,-0.0997389832068758,-0.10622150003318742,-0.1126010273331497,-0.11886345119480879,-0.12499178070349926,-0.13096577354245031,-0.13676158459726429,-0.14235145160120455,-0.1477034323127051,-0.1527812078073918,-0.1575439661768825,-0.16194638024396246,-0.1659386918216148,-0.16946691355767163,-0.17247315751651593,-0.17489609735488365,-0.17667156825560015,-0.1777333057012851,-0.17801382072143568,-0.1774454054673833,-0.17596125891907954,-0.17349671829188562,-0.16999057740986112,-0.1653864690988076,-0.15963428471715346,-0.1526916005040988,-0.1445250777181668,-0.13511180180379423,-0.1244405252746632,-0.1125127798106238,-0.09934382532590025,-0.08496340747632614,-0.06941630010946298,-0.052762615270756985,-0.035077870181237536,-0.0164528076085535,0.0030070272992386293
-0.004342372105109238,0.02299965731377407,0.047970095439809235,0.07065106982715674,0.09112461778838954,0.10947360219100988,0.12578237474401055,0.14013719894820253,0.15262645014275078,0.16334061437881653,0.1723721111230554,0.17981496701893418,0.18576436913722816,0.19031612638982986,0.19356606715611635,0.19560939979427516,0.19654006071189833,0.19645007218932742,0.1954289293244491,0.19356303243107442,0.19093517809752347,0.18762411900394715,0.18370419959684314,0.1792450718989893,0.17431149314651107,0.16896320462867465,0.163254889081486,0.15723620226184387,0.1509518729027608,0.14444186411215654,0.13774158841306372,0.13088216801411923,0.12389073152625896,0.11679073818672148,0.10960232069592601,0.1023426380013639,0.09502622975971065,0.0876653647607033,0.08027037629053124,0.07284997823574679,0.06541155666612619,0.05796143267139753,0.05050509334400388,0.04304738897738902,0.03559269576404711,0.028145044502597028,0.020708217031349285,0.013285813265315749,0.005881292793850523,-0.0015020040360287368,-0.008860849801179516,-0.016192132048518104,-0.023492856855937827,-0.030760146832288893,-0.037991226497374075,-0.04518338825397272,-0.05233393269395181,-0.059440077766813815,-0.06649883237009124,-0.07350683117647616,-0.08046012896440047,-0.08735395432967952,-0.09418242438277957,-0.1009382238293215,-0.10761225363749594,-0.11419325625955912,-0.12066742604001668,-0.12701801495788123,-0.13322494516536754,-0.1392644408585717,-0.145108692811188,-0.15072556939349235,-0.15607838806459107,-0.16112576115472566,-0.1658215292366716,-0.17011479451815603,-0.1739500654665349,-0.17726752230080356,-0.18000341105072248,-0.1820905715848009,-0.18345910234718188,-0.18403716152232708,-0.18375190098144323,-0.18253052568958905,-0.18030146732510577,-0.17699565677336349,-0.1725478760295931,-0.16689816604456054,-0.15999326336796793,-0.1517880353121912,-0.14224688100623828,-0.13134506436248827,-0.11906994482612587,-0.10542207294776018,-0.09041612035124746,-0.0740816174881842,-0.05646347747823688,-0.03762229000560913,-0.017634375239901967,0.00340840643894591
-0.004273872228410358,0.024459162369695253,0.05058987699929629,0.07422262937581126,0.09546112353234948,0.11440911644185592,0.13117090042367785,0.14585157564056406,0.15855713117149106,0.16939435644096879,0.17847060715738516,0.18589345136193947,0.19177022175298264,0.19620750019663324,0.1993105593563098,0.20118278478184015,0.20192509871487374,0.20163540441558636,0.20040806712050996,0.19833344491648175,0.19549747996567302,0.1919813577310161,0.18786123920157438,0.18320806866104578,0.17808745731850717,0.17255964115421385,0.16667950963593814,0.16049670053536902,0.15405575491136414,0.14739632541644765,0.14055343040798451,0.13355774588938685,0.12643592705262874,0.11921095112447322,0.111902473321571,0.10452718798041571,0.09709918733626166,0.08963031096919805,0.08213047960664488,0.07460800775710696,0.06706989053967982,0.05952206105216051,0.05196961567264102,0.04441700579467689,0.03686819563451982,0.02932678689460122,0.021796112194693684,0.014279300262567407,0.006779316879547359,-0.0007010135260183681,-0.008158999982478488,-0.015592084521796945,-0.022997842504976607,-0.030373976860055496,-0.037718299391984456,-0.045028692586666086,-0.05230304583706902,-0.05953916076489518,-0.06673462128712959,-0.07388662526436729,-0.08099177594094176,-0.08804583291227708,-0.09504342399086907,-0.10197772104385416,-0.10884008459110817,-0.11561968363141473,-0.12230309875324297,-0.12887391803631587,-0.13531233651557928,-0.1415947710209191,-0.147693502993818,-0.15357636239251216,-0.15920646601549926,-0.16454202349241864,-0.16953622380785704,-0.17413721453954523,-0.1782881850077831,-0.1819275632480699,-0.18498933512941207,-0.1874034920396812,-0.18909661133604105,-0.18999257120447455,-0.1900133986834458,-0.1890802463920731,-0.1871144899916981,-0.18403893465750176,-0.17977911493626397,-0.17426466844493893,-0.16743076009160207,-0.15921953007409062,-0.1495815360532311,-0.13847715782900938,-0.12587793177138584,-0.1117677823241281,-0.0961441191874588,-0.07901877126800683,-0.060418732022061494,-0.04038669514813975,-0.01898136433761799,0.0037224744800767873
-0.003993092703845846,0.02611188619201288,0.05337688537868113,0.07793071046587308,0.09990062669463162,0.1194128756414754,0.13659299864777763,0.15156598264270782,0.16445624719215823,0.1753874939682074,0.1844824413778965,0.1918624678362142,0.19764718716423557,0.20195397891402278,0.2048974951596545,0.20658916355292556,0.20713670433570197,0.20664367663795824,0.20520906687962848,0.2029269295313112,0.19988608795940177,0.19616990065542428,0.19185609588233588,0.18701667570253466,0.1817178885088384,0.17602026757375322,0.169978731767364,0.16364274346444185,0.15705651775615515,0.15025927638755254,0.1432855393422119,0.13616544667578978,0.12892510304559668,0.12158693738149928,0.1141700702842865,0.10669068201144016,0.09916237431050057,0.09159651987876183,0.08400259385884112,0.07638848251342134,0.06876076505021489,0.06112496547749169,0.05348577234697638,0.045847225267147795,0.03821286812629898,0.030585870028180473,0.022969115989742495,0.0153652704536138,0.007776817600626096,0.00020608328253368668,-0.007344755895222654,-0.014873670251676518,-0.022378774995377437,-0.02985832181157999,-0.037310677427273564,-0.044734282752050714,-0.05212758666340278,-0.059488949202037844,-0.06681650985899124,-0.074108017754833,-0.08136062180927883,-0.08857062044510045,-0.09573317192583497,-0.10284196804767376,-0.10988887554480042,-0.11686355117266256,-0.12375303795578407,-0.13054135147674595,-0.13720906629849772,-0.1437329136157799,-0.15008540199668996,-0.1562344735824568,-0.16214320835424445,-0.16776958904834016,-0.17306633901141089,-0.17798084474351095,-0.18245517408758305,-0.18642619999598953,-0.18982583853695756,-0.19258140829076975,-0.19461611651136623,-0.1958496753762793,-0.19619904929507603,-0.19557933158034002,-0.19390474580481287,-0.19108976389460874,-0.18705032949484668,-0.18170517147817478,-0.17497718877827495,-0.1667948841846263,-0.15709382152605933,-0.14581807800773028,-0.1329216615487141,-0.1183698619637048,-0.10214050484886439,-0.08422507809066992,-0.06462970293554982,-0.043375924346401806,-0.020501298637477294,0.0039402402416399696
-0.0035042335696160443,0.027948079168638618,0.05631705175986346,0.0817579840605438,0.10442343434913015,0.1244635677652779,0.14202634437296213,0.15725756320280793,0.17030078083430622,0.181297124567116,0.19038502101069144,0.197699861028934,0.20337362147166171,0.2075344630856626,0.210306322517114,0.2118085144920454,0.21215535819304865,0.21145583963517245,0.20981331957073435,0.20732529420012868,0.20408321379847383,0.20017236233772495,0.19567179932689038,0.19065436343356046,0.18518673599915703,0.17932956132072464,0.17313761953752804,0.16666004712065563,0.15994059930461635,0.15301794830640025,0.1459260108355549,0.13869429819564516,0.13134828220256844,0.12390977019008753,0.11639728253205694,0.10882642637903306,0.10121025968154074,0.09355964004924333,0.08588355357088195,0.07818941938884949,0.07048336657651344,0.06277048069703328,0.05505501831574966,0.04734058867958835,0.03963030274835733,0.03192689074323063,0.024232790345681376,0.016550208610912165,0.00888116152885221,0.0012274959475822023,-0.0064091007564717195,-0.01402709734460883,-0.021625115427535757,-0.02920191973779218,-0.03675639547996434,-0.04428750648603197,-0.05179422832945413,-0.05927545119507904,-0.06672984815635985,-0.07415570556426232,-0.08155071348156628,-0.08891171547363141,-0.09623441855497239,-0.10351306564763574,-0.11074007448445133,-0.11790564843717943,-0.12499736621536517,-0.13199975871847336,-0.13889388248782453,-0.14565690016132082,-0.15226167905717558,-0.15867641948845934,-0.16486432463515666,-0.17078332378138894,-0.17638586047752902,-0.1816187567296339,-0.18642316367234013,-0.190734608362777,-0.19448314535163558,-0.19759362054174412,-0.19998605352152143,-0.20157614303560667,-0.20227589849595828,-0.2019943984080168,-0.20063867425950566,-0.19811471577846662,-0.19432859052240703,-0.18918766755404715,-0.18260193157187432,-0.17448537041645507,-0.1647574155215077,-0.1533444118022027,-0.14018109085747543,-0.12521201937798132,-0.10839299342430664,-0.0896923488318353,-0.06909215838604021,-0.046589287477624364,-0.02219628148887587,0.0040579400839986235
-0.0028222294778443846,0.029948126605476855,0.059387374505404544,0.08567915247008306,0.1090028540928043,0.12953383223078907,0.1474434768095061,0.16289918294409267,0.17606422710498082,0.1870975697239925,0.19615360271140503,0.20338185988545998,0.2089267073747858,0.21292702972163946,0.21551592578110634,0.21682042666699308,0.21696124602840738,0.21605257093129993,0.2142018996373669,0.21150993067660329,0.20807050584325415,0.2039706081402688,0.19929041427192118,0.19410340004588678,0.18847649599345262,0.18247028964014333,0.1761392701467881,0.16953211047730044,0.16269198181860345,0.1556568946659893,0.1484600607819031,0.14113027012803014,0.1336922768543105,0.12616718849983544,0.11857285271911433,0.11092423609237123,0.10323378991171461,0.09551179825597034,0.0877667041753214,0.08000541039944453,0.07223355165517864,0.0644557364234033,0.056675756770078856,0.048896765739372405,0.04112142268216523,0.033352007792387894,0.025590508017047764,0.017838677371052825,0.010098075503078174,0.0023700890990134837,-0.005344058647603678,-0.01304330474769877,-0.02072674318376322,-0.028393615391838267,-0.03604328808883528,-0.04367521224338766,-0.05128885736376976,-0.05888361586290891,-0.0664586730557768,-0.07401283933786074,-0.08154434226584062,-0.08905057758567692,-0.09652781969293134,-0.10397089352208422,-0.1113728113966963,-0.11872437987753592,-0.12601378306884436,-0.13322615013155925,-0.14034311586327108,-0.14734238410081346,-0.15419730435979373,-0.1608764725344125,-0.16734336664459404,-0.17355602855182228,-0.17946680229698053,-0.1850221392772724,-0.1901624799102155,-0.1948222207645367,-0.19892977539301437,-0.2024077362925305,-0.2051731445347058,-0.20713787263268912,-0.20820912509578626,-0.20829005982134108,-0.20728053192685758,-0.20507795978284182,-0.20157831083285283,-0.19667720227206154,-0.19027110882373766,-0.18225866676908042,-0.17254206015245277,-0.16102847183735758,-0.14763157898312107,-0.13227306970356656,-0.11488415529113238,-0.09540705053248333,-0.0737963933330521,-0.0500205740662758,-0.02406294466108916,0.004077122711183989
-0.001973525934499065,0.03208172855717217,0.06255505059353839,0.08966003438624437,0.11360423933541952,0.13458927524587105,0.15281079653004603,0.16845842132209565,0.18171559186010944,0.19275939239811768,0.20176034033917212,0.20888216530213954,0.21428158952779208,0.21810812147713188,0.22050387276225125,0.22160340675729495,0.22153362543779886,0.22041369925286736,0.21835504319584276,0.21546134074194345,0.2118286159891034,0.20754535318106182,0.20269266181056933,0.1973444846871133,0.19156784569341623,0.18542313343075234,0.1789644165459472,0.17223978622459457,0.16529172110943247,0.15815746974844602,0.150869445583949,0.14345562945867707,0.13593997463514151,0.12834280940334342,0.12068123249182294,0.11296949670400425,0.10521937647957591,0.09744051543390597,0.08964075035890007,0.08182640867679902,0.07400257692091161,0.06617333846953555,0.058341979472670946,0.05051116267453315,0.042683069635779614,0.034859512680756044,0.027042018720535133,0.019231887911715706,0.01143023088320616,0.003637988976562756,-0.0041440574235838135,-0.011915286867048902,-0.01967523512488878,-0.027423587541758998,-0.03516015913680537,-0.04288485625241645,-0.05059761386951411,-0.058298303238052185,-0.06598660521276933,-0.07366184562891842,-0.0813227901842919,-0.08896739758438255,-0.09659253112142663,-0.10419363034927365,-0.11176434603186447,-0.11929614302731295,-0.12677787716297662,-0.13419535340487831,-0.14153087367821637,-0.14876278351668226,-0.15586502728317697,-0.16280672200634294,-0.16955175992601035,-0.17605844966382111,-0.1822792055747251,-0.18816029434185566,-0.19364164730861377,-0.1986567464505158,-0.20313259132052108,-0.20698975378332918,-0.21014252689340296,-0.21249917385110395,-0.2139622825487666,-0.21442923072967313,-0.21379276614785292,-0.21194170524830502,-0.20876175270364872,-0.20413644257803965,-0.19794819990381107,-0.19007951904738185,-0.18041425244619047,-0.16883900019168374,-0.15524458762147608,-0.1395276146885993,-0.12159205751965674,-0.10135089936015085,-0.07872776510283064,-0.05365853083092542,-0.02609287727212317,0.004004246278228152
-0.0009964902217971527,0.03430745994820095,0.0657769864027653,0.09365701489168377,0.11818437430070938,0.13958779126368936,0.15808782922364184,0.17389678676543685,0.18721856966592743,0.19824855031108202,0.20717342698677887,0.21417109414090474,0.2194105331242726,0.2230517312288387,0.22524563513215723,0.2261341431928776,0.22585013948098398,0.22451757100855163,0.22225156838076865,0.2191586090260702,0.21533672129032366,0.21087572698368717,0.20585751943304365,0.20035637369636605,0.1944392853115744,0.1881663337591415,0.18159106668889713,0.174760900881195,0.16771753586363047,0.1604973760797006,0.15313195749894826,0.145648374571425,0.13806970346564373,0.130415417596232,0.12270179155390126,0.11494228970455689,0.10714793593608585,0.09932766130658477,0.09148862669272484,0.08363651795315574,0.07577581161055624,0.06791000961256222,0.0600418423525908,0.052173439806236566,0.04430647135855681,0.03644225564758008,0.028581842515590594,0.020726069924231982,0.012875599432960794,0.005030934541984333,-0.002807573163117638,-0.01063972458073481,-0.018465474460197306,-0.02628492735730914,-0.034098321841205426,-0.04190599667242978,-0.04970833293335808,-0.057505666568425706,-0.06529816648829057,-0.07308567430318424,-0.0808675028613246,-0.08864219205039126,-0.0964072217352614,-0.10415868320384236,-0.1118909120164222,-0.11959608663891874,-0.12726379862058934,-0.13488060128974233,-0.14242954493167037,-0.14988970713991234,-0.15723572747023917,-0.16443735567283024,-0.17145902264985713,-0.17825944292337903,-0.18479125686126752,-0.1910007202700399,-0.19682744830466925,-0.20220422004698957,-0.2070568496379548,-0.21130412956726774,-0.21485785165528526,-0.2176229114011825,-0.21949750168202753,-0.220373402196977,-0.22013637146125165,-0.21866664844515604,-0.21583957099565065,-0.21152631784675524,-0.2055947802117526,-0.19791056757507564,-0.18833815032245527,-0.17674213926152804,-0.16298869892962564,-0.14694708792787337,-0.12849131545100434,-0.10750189879508376,-0.08386770201296301,-0.057487831132004175,-0.02827355652799346,0.003849771746706754
5.873489382413055e-5,0.03657293762127933,0.0689999395701757,0.09761712834942715,0.12269147480991771,0.1444794677499499,0.16322702843560588,0.1791694180176684,0.19253114980955788,0.20352591697518863,0.2123565445522515,0.21921497299475456,0.224282278646442,0.2277287348304582,0.22971391562765442,0.23038684296594436,0.2298861763928821,0.22834044387123287,0.2258683111285471,0.22257888649591084,0.21857205776986088,0.2139388573965948,0.20876185217646892,0.20311555368651302,0.19706684568468935,0.19067542486407474,0.1839942514422246,0.17707000618328195,0.16994355054577293,0.1626503867230089,0.15522111439554864,0.1476818810533178,0.1400548227767362,0.13235849240524944,0.12460827207931002,0.11681676723284129,0.10899417924810395,0.10114865417490781,0.09328660516838072,0.0854130066198624,0.07753165834590048,0.06964541866097163,0.06175640568730145,0.053866166844585006,0.045975817106117756,0.03808614729466431,0.030197704409438142,0.02231084670892658,0.014425777004814844,0.006542558329367676,-0.0013388832016909546,-0.00921876292229129,-0.017097443652107636,-0.02497543698836946,-0.032853393411953924,-0.04073207475878293,-0.048612302809948105,-0.05649487818306742,-0.06438046437174183,-0.07226943267670283,-0.08016166488671717,-0.08805631187017093,-0.09595150768688487,-0.10384404036839845,-0.11172898207628057,-0.11959928285941945,-0.12744533361478316,-0.13525450504059666,-0.14301067029135295,-0.15069371965388756,-0.15827907583609901,-0.1657372183940664,-0.1730332254461966,-0.18012634018998375,-0.1869695689272559,-0.19350931641812297,-0.19968506353300253,-0.20542909147103705,-0.2106662563657915,-0.21531381799168647,-0.2192813265715543,-0.22247057238392376,-0.22477560395168883,-0.2260828219894342,-0.22627115788129615,-0.2252123471051184,-0.22277130953783875,-0.21880664978582232,-0.2131712914002697,-0.20571325889726877,-0.19627662077057106,-0.1847026050673275,-0.17083089654121775,-0.15450112089440982,-0.1355545171989334,-0.11383579431067714,-0.08919516104351688,-0.06149051316979692,-0.030589753101664563,0.0036267894241901466
0.0011311731345102771,0.03881586637129475,0.07216158779214954,0.10147908491437985,0.12706612248317972,0.14920739083356294,0.1681744288894893,0.18422557243186688,0.19760593650431568,0.2085474388994375,0.2172688696823859,0.22397600975676335,0.22886179964446507,0.23210655800341318,0.233878247995154,0.23433278846894146,0.23361440606352524,0.2318560237362024,0.22917968089326157,0.22569698018404605,0.2215095560937863,0.21670956068467673,0.21138016214440203,0.20559605216485588,0.1994239585521571,0.19292315983127217,0.1861459989306935,0.17913839329936598,0.17194033901177086,0.1645864065586573,0.15710622610520897,0.14952496003842652,0.14186376063383,0.13414021066644866,0.12636874478811988,0.11856104950936608,0.110726439674671,0.10287220941721342,0.09500395573399034,0.08712587304221975,0.07924101736864575,0.07135153918710735,0.06345888435708469,0.0555639631244671,0.04766728772076112,0.03976907973106547,0.031869349083665455,0.02396794723181328,0.01606459783331493,0.00815890896502447,0.000250371611874467,-0.00766165018540077,-0.015577931585366578,-0.02349939523562572,-0.03142710895891465,-0.039362266120277045,-0.04730614210539974,-0.055260020730727,-0.06322508505372992,-0.07120226795716622,-0.07919205902847715,-0.08719426561316945,-0.09520772744014261,-0.10322998583247012,-0.11125691015119221,-0.11928228568524535,-0.1272973686068184,-0.1352904147727556,-0.143246189993115,-0.15114546985275146,-0.1589645372310695,-0.1666746853210923,-0.17424173323930514,-0.18162556031456623,-0.18877966395313583,-0.19565074472893196,-0.2021783211917878,-0.2082943759767435,-0.2139230342796612,-0.21898027576445633,-0.22337368157466297,-0.2270022193815988,-0.22975607130359155,-0.23151651200882606,-0.23215584724389338,-0.2315374262359109,-0.22951574468011593,-0.22593665810194086,-0.2206377280137679,-0.21344872521791114,-0.20419231560364448,-0.19268495364528793,-0.17873800737116774,-0.1621591357291039,-0.1427539349635243,-0.12032786483642832,-0.09468845831581296,-0.06564780982632445,-0.03302532747887499,0.0033492758796742628
0.002151011801178715,0.04096625095225992,0.07519283050956638,0.10517555784872057,0.13124345400424575,0.15370967213156073,0.1728714644555187,0.18901020509773092,0.20239147389507073,0.2132652040271985,0.22186589407044766,0.2284128830818406,0.23311068556411518,0.2361493817224809,0.23770505732553193,0.23794028673444245,0.2370046522535425,0.23503529285242797,0.23215747547329801,0.2284851825144143,0.22412170961720923,0.21916026852193937,0.21368459044274024,0.20776952609815869,0.20148163917865514,0.1948797906071973,0.1880157114319463,0.18093456257122575,0.17367547990685583,0.16627210339971343,0.15875308899166418,0.15114260207742447,0.14346079129751477,0.13572424133907335,0.1279464033560198,0.12013800155196508,0.11230741442699754,0.10446102918813649,0.0966035678750985,0.08873838387013366,0.08086772764969341,0.07299298090384143,0.06511485849931287,0.057233578195567514,0.04934899853846675,0.04146072594870098,0.03356819268390643,0.02567070807156968,0.017767486168388746,0.009857653776943476,0.0019402435160675857,-0.0059858226367568435,-0.013921753271567638,-0.021868904361644237,-0.029828786034480803,-0.037803052213267296,-0.045793466135715555,-0.05380183511925907,-0.061829908592009986,-0.06987923434881216,-0.07795096920587197,-0.08604564167892459,-0.09416286594157208,-0.10230100805616171,-0.11045680721546391,-0.11862495638586479,-0.12679764819272643,-0.13496409303240542,-0.14311001714302796,-0.15121714865121305,-0.1592626994008124,-0.16721884966778156,-0.1750522417223901,-0.18272348670984329,-0.19018668761906365,-0.19738897936686328,-0.20427008543503788,-0.2107618892640617,-0.216788017926012,-0.22226343564370454,-0.22709404562603375,-0.2311763005293992,-0.23439682464508316,-0.23663205459424974,-0.2377479097541646,-0.23759950864146706,-0.23603095278105846,-0.23287520488659785,-0.22795409313555481,-0.22107847759027655,-0.2120486180558454,-0.20065478455564234,-0.18667815186421244,-0.1698920179276473,-0.15006338234575667,-0.1269549152719316,-0.1003273390623396,-0.06994223481544148,-0.035565273718182855,0.003030140898969247
0.0030428896014602635,0.04295002585599894,0.0780215857348141,0.10863699943767235,0.13515687464759285,0.15792296395477967,0.17725821327034375,0.19346689451915022,0.20683482327113278,0.21762965948419177,0.22610128729464352,0.23248226788698645,0.23698835795968298,0.23981908520865636,0.2411583715803598,0.24117519478262972,0.24002427864745135,0.2378468033615566,0.23477112725582217,0.23091351270456117,0.22637884966141852,0.22126137138485324,0.21564535792381445,0.20960582389429083,0.20320918794051757,0.19651392201492568,0.18957117921070088,0.1824253993369518,0.17511489174046568,0.1676723950630663,0.16012561369462341,0.15249773066135885,0.14480789659803195,0.1370716943161323,0.1293015783198701,0.12150728846053882,0.11369623677657126,0.10587386645991481,0.09804398183437701,0.09020904824226506,0.08237046082285637,0.07452878133988561,0.06668394248208687,0.05883541942576542,0.050982368913284226,0.04312373666434732,0.035258334592025875,0.027384890031687092,0.01950206999040871,0.011608484263821772,0.0037026721153723408,-0.004216921968545506,-0.012151977188303409,-0.020104323123051326,-0.028075956871721264,-0.03606904308201164,-0.04408588934734059,-0.05212888979721786,-0.060200430379443226,-0.06830275033693756,-0.07643775570036748,-0.08460678220760531,-0.09281030685485048,-0.10104760918973232,-0.10931638536186261,-0.11761231972430553,-0.12592862029856677,-0.13425552554916242,-0.14257979055223835,-0.15088416070525934,-0.15914684057202821,-0.1673409642982655,-0.17543407233200048,-0.18338759706200802,-0.1911563576195392,-0.1986880616939084,-0.20592281004019286,-0.21279259767284575,-0.21922080479974726,-0.2251216705893211,-0.23039974406166275,-0.23494930887128396,-0.23865378254238356,-0.24138509577748524,-0.24300306364635382,-0.24335476754711038,-0.24227397451116506,-0.23958062832981897,-0.23508045470000338,-0.22856472967828845,-0.21981026674614812,-0.20857968228436174,-0.19462200181097566,-0.17767366957499453,-0.15746002168227458,-0.13369727758857364,-0.10609509632791747,-0.07435973214337777,-0.03819780925255101,0.0026792825582728774
0.0037306238800494107,0.044694250792287615,0.08057822842975648,0.11179713012627301,0.1387434390441209,0.1617876046765141,0.18127821125432675,0.19754225633236233,0.2108855350528498,0.22159312311193036,0.2299299493823006,0.2361414475354322,0.2404542748942169,0.2430770861347411,0.24420134932257076,0.24400219206883333,0.24263926626357968,0.2402576208131184,0.2369885729956076,0.23295057037321465,0.22825003658272003,0.22298219569977062,0.2172318711753105,0.21107425652911393,0.20457565601952155,0.19779419436949786,0.19078049530653862,0.1835783291691513,0.1762252301544236,0.1687530839471818,0.1611886865015264,0.15355427466607718,0.14586802917949937,0.13814455034046613,0.13039530640055919,0.12262905446403849,0.1148522334271993,0.10706932827227789,0.09928320486479647,0.0914954143055775,0.08370646587401209,0.075916067680049,0.06812333433030604,0.060326961216218056,0.05252536545510322,0.04471679405899298,0.03689940056742014,0.02907129214877946,0.021230550032397044,0.01337522705443428,0.005503327050231377,-0.002387228240025685,-0.01029863821773791,-0.018233261146734847,-0.026193642713343124,-0.03418252727977844,-0.04220284367649274,-0.05025765771849544,-0.05835008434693201,-0.06648315339726807,-0.0746596244603146,-0.08288174808192927,-0.09115097256090587,-0.09946759774098135,-0.10783037931546957,-0.11623608911636074,-0.12467903848210149,-0.13315057293278976,-0.1416385468923167,-0.15012678698502047,-0.1585945514501228,-0.16701599147371438,-0.17535961781928133,-0.18358777319868302,-0.1916561075907266,-0.1995130504665501,-0.20709927094304348,-0.21434711460133693,-0.22118000441313201,-0.22751179321750925,-0.23324605672809495,-0.2382753192874718,-0.2424802095839973,-0.2457285502581188,-0.2478743935912222,-0.24875702502314212,-0.24819996672420785,-0.2460100244153307,-0.2419764315883839,-0.23587015569394243,-0.2274434401772747,-0.21642966389381613,-0.20254360486371548,-0.18548219798713594,-0.16492587571646178,-0.14054057628076855,-0.11198049544372912,-0.07889164458357145,-0.04091625984927738,0.002301915852787939
0.0041433627823108665,0.04613383412786343,0.08280261594351668,0.11460003607053437,0.14195083021872668,0.16525432685886932,0.18488477334707243,0.20119179562942335,0.21450098117547034,0.22511457255403888,0.23331225736463912,0.23935203910916325,0.2434711730363892,0.24588715098925862,0.24679871978264423,0.24638691856605055,0.24481612189850877,0.2422350767903838,0.23877792365731887,0.2345651928951571,0.2297047705420523,0.22429282817370177,0.21841471372423493,0.21214580129531946,0.20555229918097062,0.19869201628055544,0.19161508779423775,0.18436466160029719,0.17697754701824087,0.1694848277868064,0.16191244105669655,0.15428172404336715,0.1466099297334056,0.13891071271821787,0.1311945858682262,0.12346934818604494,0.11574048381200441,0.10801153182293133,0.1002844261855329,0.0925598050191958,0.08483728820631242,0.07711572237832476,0.0693933924168677,0.061668198852940836,0.05393780093290168,0.04619972565096475,0.038451443723322765,0.030690414289443968,0.022914101053751246,0.015119963597852504,0.007305428661212421,-0.000532152743807579,-0.008395555507703989,-0.016287730134502354,-0.02421184355150796,-0.03217130217734798,-0.040169748346348566,-0.04821102152663137,-0.05629907654715183,-0.06443785227672283,-0.07263108585554434,-0.08088206960868849,-0.08919335007501239,-0.09756637102937704,-0.1060010647925056,-0.11449539832074329,-0.12304488234406685,-0.1316420529791542,-0.14027593561311846,-0.14893150030540303,-0.15758911642742213,-0.16622401176656565,-0.17480573797093113,-0.18329764020254302,-0.19165632449174685,-0.19983111191082203,-0.20776346473393303,-0.21538636667302447,-0.22262363751670744,-0.2293891624498836,-0.2355860183151246,-0.24110548330291692,-0.24582592310706364,-0.2496115553917897,-0.2523111052842202,-0.2537563771951281,-0.2537607821351391,-0.2521178742984218,-0.248599965435373,-0.24295689979368307,-0.23491508551284124,-0.2241768896337737,-0.2104205126388572,-0.1933004639530438,-0.17244876137401421,-0.14747697419179273,-0.11797922103091318,-0.083536218441294,-0.043720454288069366,0.001897469507595062
0.00422290648770085,0.0472194768977241,0.08465235798551696,0.11700851265235368,0.14474556832583163,0.16829216566667204,0.188048476640716,0.2043868775288047,0.21765276004836975,0.22816546197502108,0.2362192975185402,0.24208466722656485,0.24600922733376107,0.24821909918501595,0.24892010056320357,0.2482989823499442,0.24652465584248917,0.24374939813681573,0.24011002516698898,0.23572902417200847,0.2307156394625407,0.22516690731559308,0.2191686375819386,0.21279634111492962,0.20611610339555764,0.1991854057325555,0.19205389615785462,0.184764112633641,0.17735216145548716,0.16984835380488006,0.162277803302731,0.15466098717484522,0.14701427329299355,0.13935041493169953,0.1316790146119522,0.12400695791529559,0.11633881767243581,0.10867722848346117,0.10102323113441614,0.09337658615958144,0.08573605558009367,0.07809965174724898,0.07046485225084664,0.06282878003445402,0.055188348204328275,0.04754036953345997,0.039881631350016544,0.03220893735244745,0.024519118895549585,0.01680901941352797,0.009075456844959806,0.0013151701448683717,-0.006475242859166563,-0.014299387966648425,-0.022161128332723656,-0.030064619778908064,-0.038014317911218676,-0.04601494760691294,-0.054071426282283674,-0.06218873373860445,-0.07037172328270058,-0.07862487116656824,-0.08695196407231798,-0.09535572722188856,-0.1038373985082175,-0.11239625658753827,-0.12102911288544682,-0.12972977870059665,-0.13848851881686786,-0.147291502088728,-0.156120257257105,-0.1649511387985223,-0.17375480303998758,-0.18249568934509774,-0.19113149527120799,-0.19961262869944596,-0.20788161461063348,-0.2158724300219066,-0.22350973820169662,-0.2307079931766256,-0.23737038815386624,-0.24338762707676187,-0.24863650719889607,-0.25297831219625566,-0.25625702964393016,-0.2582974232001205,-0.2589030079705883,-0.25785399658464003,-0.2549053027601369,-0.2497847078096389,-0.2421913128741462,-0.2317944148844875,-0.21823295652874197,-0.20111570896548425,-0.1800223496842115,-0.1545055956698589,-0.12409454265016517,-0.08829934338529899,-0.04661733039418037,0.0014593499635449092
0.003931637317573955,0.0479261914925706,0.08611162823590357,0.11901291987670515,0.14712170654280188,0.1708968360948382,0.19076510130866398,0.20712215240206566,0.2203335610843431,0.23073601114045195,0.2386385901406145,0.2443241571559911,0.24805076229667966,0.250053095382357,0.2505439430072496,0.24971563555661014,0.2477414682583805,0.2447770829995295,0.2409618002980114,0.23641989340646985,0.23126179895552834,0.2255852607594142,0.21947640536059465,0.2130107495526241,0.20625414147661703,0.19926363793653978,0.19208832133159293,0.1847700600796114,0.17734421663180688,0.16984030718589915,0.16228261702777003,0.15469077510514007,0.14708029099614484,0.13946305691370453,0.13184781681504854,0.12424060409333082,0.1166451487413358,0.1090632543218204,0.10149514457695297,0.09393977908505358,0.0863951370473468,0.07885846808406116,0.07132650885847802,0.06379566445067875,0.05626215368759091,0.048722118115620106,0.04117169498457107,0.03360705549407017,0.02602441062276606,0.018419988087236217,0.010789985317945394,0.0031305047307039757,-0.004562521064913838,-0.01229340523828304,-0.020066773997661436,-0.027887614569752195,-0.035761293103901526,-0.04369353201790371,-0.051690337223813554,-0.05975786723492016,-0.06790223834575171,-0.07612926282335941,-0.08444412021824776,-0.09285096529982217,-0.10135247949110626,-0.10994937571959484,-0.11863986898952739,-0.12741912638638464,-0.13627871035034556,-0.1452060276678262,-0.15418379359655043,-0.16318951585929753,-0.1721949970701,-0.1811658468218229,-0.19006098666184768,-0.1988321231609702,-0.20742315700187453,-0.2157694903004348,-0.22379719104132212,-0.2314219732927949,-0.23854795534178352,-0.245066165415754,-0.2508527763242392,-0.2557670659669955,-0.2596491197531323,-0.26231731286013416,-0.2635656340713233,-0.2631609377088737,-0.260840234949272,-0.2563081596193313,-0.2492347655186209,-0.23925383152046376,-0.2259618662565681,-0.2089180150641088,-0.18764507683989384,-0.16163183600636755,-0.13033690316521662,-0.09319423518300018,-0.049620469328702566,0.0009758452577677268
0.003260170496635517,0.04826138062078256,0.08719941992689728,0.12063940633285908,0.14910885737639346,0.17309843573504446,0.1930629212634991,0.20942237971603683,0.2225634969730934,0.23284104711979037,0.2405794630813145,0.2460744796290606,0.24959482033342484,0.2513839023389539,0.2516615355522718,0.2506255958339474,0.24845365494899596,0.2453045532395035,0.24131990413035131,0.2366255225751317,0.23133277231798743,0.2255398293308124,0.2193328609441374,0.2127871220008415,0.20596797081572538,0.19893180882962147,0.19172694861812944,0.18439441538334878,0.17696868725100856,0.1694783796567525,0.16194687886941495,0.15439292930782278,0.14683117879597551,0.13927268530492265,0.13172538807926726,0.12419454536953056,0.11668314031442684,0.10919225586313264,0.10172141901856246,0.09426891414285965,0.08683206461800275,0.0794074818245325,0.0719912802148488,0.0645792572427788,0.05716703709297066,0.04975017755548716,0.04232424002819757,0.03488482350890143,0.027427564552629846,0.019948106493011597,0.012442042714432944,0.0049048403472879976,-0.0026682476482000617,-0.010282272553831628,-0.017942671404839405,-0.02565532833104589,-0.03342660372812167,-0.04126331949607609,-0.04917268954511478,-0.057162186511860114,-0.06523933815217164,-0.0734114501093659,-0.08168525554867268,-0.0900664962690505,-0.09855944404043315,-0.10716637469114731,-0.11588701046456329,-0.12471794794122992,-0.13365208897370984,-0.14267809027215383,-0.1517798432945927,-0.16093598989377078,-0.1701194709170366,-0.17929709504794333,-0.18842910426107906,-0.19746870120428506,-0.20636149367234102,-0.21504480324975406,-0.22344678034073384,-0.23148526723346574,-0.23906635540191523,-0.2460825934441364,-0.25241081800037346,-0.2579096013565465,-0.2624163354681275,-0.26574400173341495,-0.26767770766231713,-0.26797110418176073,-0.266342829275505,-0.26247315368178903,-0.2560010313385619,-0.2465217801716526,-0.233585636683594,-0.21669743949607811,-0.19531770108710944,-0.16886532154910583,-0.13672218087611077,-0.09823981425050077,-0.05274832506965588,0.00043237966120956983
0.0022335538510480646,0.04827113157258589,0.08797578503288328,0.12195597543671699,0.15077799844330242,0.17496693090165705,0.19500783715470327,0.21134719707730154,0.22439451716554482,0.23452408615273024,0.24207683769950838,0.24736228457617093,0.25066049129431045,0.2522240552126309,0.25228006959384297,0.2510320457834818,0.24866177548412693,0.24533111788195372,0.2411837000411876,0.23634652241757248,0.23093146448447222,0.22503668825461176,0.21874793988442542,0.21213975154553966,0.20527654734019762,0.19821365823802672,0.19099825184485786,0.18367018331769502,0.17626277395110002,0.16880352392513043,0.16131476546522272,0.15381426226196115,0.14631576047061978,0.1388294959898455,0.1313626620335997,0.1239198402844317,0.11650339817139832,0.10911385407112473,0.10175021150677299,0.09441026273983599,0.08709086153858525,0.07978816439581049,0.07249783909115992,0.0652152392863865,0.05793554384515209,0.05065385981689374,0.0433652885489062,0.03606495521031361,0.028748003130785627,0.021409555757899934,0.014044650678544102,0.006648151960095827,-0.000785351053251393,-0.008261648534580335,-0.015787006998976505,-0.023368245377747954,-0.03101277689985027,-0.038728603402578,-0.0465242496243472,-0.05440862692100845,-0.06239081872098895,-0.070479783834974,-0.07868397830460827,-0.08701090154626767,-0.0954665777459387,-0.10405498831878157,-0.11277747521733561,-0.12163213737418666,-0.1306132430288076,-0.13971067861865372,-0.14890944995693323,-0.15818924342938923,-0.16752404405214794,-0.176881793899065,-0.18622405943889353,-0.19550566087211063,-0.20467420207206954,-0.21366942786372078,-0.22242232782508697,-0.2308539041750972,-0.23887352691807218,-0.24637681307652448,-0.25324298876128015,-0.259331722505344,-0.2644794545374891,-0.2684952877199618,-0.2711565495496533,-0.2722041785932596,-0.27133813075122504,-0.2682130388647055,-0.2624343918171559,-0.2535555252075907,-0.2410757338342746,-0.22443982547816432,-0.20303943426934024,-0.1762163980553728,-0.1432684747194206,-0.1034576237604341,-0.05602100791748077,-0.00018477201487865358
0.0009147033802952009,0.04804318647356931,0.08854436314880365,0.12307460521578761,0.15224322272575197,0.17661358296408958,0.19670452893517654,0.2129920519758639,0.22591117250052273,0.23585798340145514,0.24319181217578345,0.2482374602785984,0.25128748135409085,0.2526044637078604,0.25242328649156054,0.25095332341365406,0.24838057222020327,0.24486969256694158,0.24056593911049262,0.23559698058056,0.23007459917662754,0.22409626780647285,0.21774660541263513,0.2110987129070625,0.20421539405410893,0.19715026703571992,0.18994877342791794,0.1826490919625705,0.17528296478524075,0.16787644399969803,0.16045056615385844,0.15302196201302243,0.14560340851529618,0.13820432923932735,0.13083124905619492,0.12348820790183135,0.11617713780862493,0.10889820648980875,0.10165012989556921,0.09443045527964244,0.08723581546029058,0.08006215416829221,0.0729049216946831,0.0657592395348563,0.05862003243086633,0.051482126196245925,0.04434031001932315,0.03718936262003325,0.0300240427032632,0.022839045604156727,0.015628929821934534,0.00838801921660215,0.0011102888870389016,-0.006210754991192058,-0.013582188998574107,-0.021011765894407564,-0.028507972445780627,-0.0360800362053042,-0.04373786653680112,-0.05149191712381418,-0.059352960386173326,-0.0673317686486743,-0.07543870240358386,-0.0836832122960458,-0.09207326810328054,-0.10061473439776902,-0.10931071808768111,-0.11816091683973928,-0.12716099871611908,-0.13630204145833202,-0.1455700541357028,-0.1549455939999782,-0.1644034773586629,-0.17391256554526624,-0.18343558657920322,-0.1929289313526743,-0.2023423421276651,-0.21161839312633823,-0.22069165060207618,-0.22948739547863228,-0.2379197975751115,-0.24588944805717672,-0.2532801865901875,-0.2599552011123891,-0.26575242942937605,-0.27047935014934676,-0.27390731228201703,-0.27576561422055557,-0.27573560003722175,-0.2734450907748678,-0.26846350818186826,-0.2602980763581044,-0.2483915018429559,-0.23212153370743382,-0.21080279077911568,-0.18369121102262698,-0.14999142516955488,-0.10886727906794791,-0.05945562299649554,-0.0008833485399413199
-0.000596120590091509,0.04770511186214321,0.08904952367542762,0.12414761218852632,0.15365754360144157,0.17818638520221297,0.19829168740522052,0.21448336397021306,0.22722581779445283,0.23694026002955626,0.2440071718277892,0.24876886060476844,0.25153206614170154,0.2525705759528254,0.2521278139287575,0.2504193711483329,0.2476354527595075,0.24394321980306755,0.2394890096541631,0.23440042326826926,0.2287882715500853,0.222748376853112,0.21636322882675296,0.209703496545127,0.20282940108645509,0.19579195451182185,0.1886340725546538,0.1813915693246928,0.17409404299884157,0.16676566186268227,0.15942586021709415,0.1520899536093192,0.1447696826060283,0.13747369391610587,0.13020796710072569,0.12297619438566487,0.1157801202233335,0.10861984625152177,0.10149410618140697,0.09440051394940685,0.08733578722685298,0.08029594715335131,0.07327649401080594,0.06627255756139716,0.059279020018323525,0.052290609185625225,0.04530195927253278,0.03830763732328579,0.03130213414950811,0.0242798201222576,0.01723486815102815,0.010161148576320667,0.003052103412109819,-0.004099389777508566,-0.011301151316287505,-0.01856181469312057,-0.02589090641018421,-0.033298872268245905,-0.040797032298774294,-0.04839744833586268,-0.05611269159872423,-0.06395550266345973,-0.07193834273085775,-0.0800728428588493,-0.08836916634299596,-0.09683530801863283,-0.10547636206091981,-0.11429379586622668,-0.12328477071440558,-0.13244154905110372,-0.14175102242475868,-0.1511943826651554,-0.1607469415134548,-0.17037808089667905,-0.18005128837543571,-0.18972420176790195,-0.19934855615220703,-0.20886989866746575,-0.21822691554766216,-0.2273502055436154,-0.2361603378944137,-0.24456505402280682,-0.25245551150091794,-0.2597015261489326,-0.26614584101590877,-0.27159753520956187,-0.27582477537841843,-0.2785472015735033,-0.2794283206689365,-0.2780683486810456,-0.2739979936718453,-0.266673700441006,-0.2554748851939044,-0.23970367187181507,-0.2185876009191947,-0.1912857143947162,-0.15689832605772414,-0.11448065834237653,-0.06306036734994436,-0.00165878153768384
-0.002166508375780918,0.04741662837655802,0.08966683947037568,0.12535680298044882,0.15520117682446655,0.17985785064997994,0.19992961171012302,0.21596616922733558,0.22846647956221267,0.2378813138693432,0.24461601071118944,0.2490333581573938,0.25145655304151626,0.25217218907889905,0.2514332302606759,0.2494619311195283,0.2464526709087833,0.24257467425858437,0.23797459630412154,0.23277895547951966,0.22709640202724968,0.22101981470740117,0.21462822215700728,0.20798854882656626,0.20115718841221364,0.19418141022986823,0.18710060607172485,0.1799473867842747,0.1727485391438326,0.16552585461314662,0.15829684226081042,0.15107533853107702,0.14387202666899013,0.1366948784374431,0.12954953030613447,0.12243960554879818,0.11536699266039596,0.10833208921706605,0.10133401877753956,0.0943708267114527,0.08743965899990824,0.08053692616595765,0.07365845265327176,0.06679961028725545,0.0599554330406451,0.05312070930177315,0.04629004732112518,0.03945790958584139,0.03261861261564869,0.025766290123490077,0.018894819631347648,0.011997715413397447,0.005067993929473769,-0.0019019784789153782,-0.00892064218546329,-0.01599738830352182,-0.023142670463892845,-0.030368062859392975,-0.03768624263768272,-0.04511087601601149,-0.05265639077600026,-0.06033762321480074,-0.06816933515687529,-0.07616560603018074,-0.08433911579944242,-0.09270034597618215,-0.1012567369706221,-0.11001184944861153,-0.11896458365263873,-0.12810851229179265,-0.13743137809620132,-0.14691479518679484,-0.15653417319306095,-0.166258854407054,-0.1760524179663796,-0.18587306302196183,-0.19567393823370338,-0.2054032421546741,-0.21500388354830635,-0.22441246846438512,-0.23355737794346876,-0.24235572157854168,-0.25070900106742355,-0.258497394919623,-0.2655726780113463,-0.2717499117714848,-0.2767981735973959,-0.2804307268703181,-0.2822951542747347,-0.2819640764386593,-0.27892714662593265,-0.2725850444587583,-0.262246184298637,-0.24712680597705927,-0.22635502722310386,-0.19897930878355563,-0.16398161503428899,-0.12029534513427764,-0.06682786421487519,-0.0024871859250068518
-0.0036415919334920055,0.04735593596972665,0.09058646604673859,0.12689478895041129,0.15706152467695045,0.1818042630415424,0.20177919885131645,0.21758320643039086,0.2297562935988542,0.2387843723883254,0.24510228264590062,0.24909700513948385,0.2511110026787282,0.2514456309211903,0.25036456472705426,0.24809719092624105,0.24484192393944815,0.24076940662217527,0.23602556477753067,0.2307344898296635,0.22500113001978983,0.21891377606982365,0.21254633247200783,0.20596037035751769,0.19920696224150358,0.19232830282590863,0.185359123461041,0.1783279108247755,0.1712579428744938,0.1641681571608009,0.15707386815532942,0.14998735132999164,0.14291831231805352,0.1358742595814908,0.12886079859939858,0.12188186468581375,0.11493991016240823,0.10803605978883679,0.10117024614627912,0.0943413341547008,0.08754724117666202,0.08078505633542798,0.07405115988423683,0.06734134085147447,0.06065090890516478,0.05397479458276111,0.04730763086615619,0.04064380867567641,0.033977499314584936,0.027302638280456204,0.02061286718415234,0.013901433731117852,0.0071610537001407515,0.0003837433983844285,-0.006439364107401868,-0.013318200949765657,-0.020263922363798148,-0.02728901508072612,-0.03440732905777155,-0.04163400568207498,-0.048985278292033474,-0.056478126277415885,-0.06412977227306049,-0.07195702293201967,-0.07997546704117164,-0.08819855957214395,-0.09663663552041823,-0.10529591157939278,-0.1141775449904796,-0.12327682521300298,-0.13258257316028343,-0.14207681253251758,-0.151734756497373,-0.16152511959479776,-0.17141071935615537,-0.18134927631519693,-0.1912942582773689,-0.20119555035312198,-0.21099967374617945,-0.2206492325391487,-0.23008124833764,-0.23922405667022062,-0.24799249346638375,-0.25628119806797267,-0.26395599942266523,-0.27084352704656567,-0.2767193852295775,-0.28129543069335083,-0.28420688112950465,-0.28500013561327053,-0.2831222913312166,-0.2779133823598108,-0.2686023385895453,-0.2543075644371968,-0.23404286970527477,-0.2067292534027454,-0.17121275194428387,-0.1262882244096164,-0.07072857146242706,-0.0033184886135786407
-0.004856889355289162,0.04770110556659546,0.09199028508606055,0.12893915905747022,0.1594054334748507,0.1841768699417652,0.20397273807790528,0.21944581197736346,0.23118485348853968,0.23971751848987877,0.2455136176329633,0.24898866026341748,0.25050760937310246,0.2503887763725774,0.2489077870314711,0.24630155390034103,0.24277219566351382,0.2384908499257139,0.23360133266080352,0.2282236047130648,0.2224570131290915,0.21638328252311512,0.21006923897827345,0.20356925602442466,0.19692741889179866,0.1901794094224898,0.18335411964148696,0.1764750069762031,0.16956120840137867,0.16262843432466534,0.15568966577184762,0.14875568034907793,0.14183543353668737,0.1349363221036275,0.1280643558437764,0.12122426246321139,0.11441954835262313,0.10765253524407958,0.10092438947924309,0.09423515693177231,0.08758381267197501,0.08096833039504459,0.07438577262776258,0.06783239896228865,0.061303786227117296,0.05479495177785454,0.04830046915262143,0.04181456434736264,0.035331181058164685,0.02884400450236546,0.022346435907316664,0.015831513415729415,0.009291779890309382,0.0027191037059233203,-0.003895535206409395,-0.010562275456054149,-0.017292595809340394,-0.02409949860052185,-0.03099762164533404,-0.03800324398130206,-0.04513415216669481,-0.05240933857766761,-0.059848511492405,-0.06747140883386527,-0.07529692302481683,-0.08334206285177936,-0.09162079842900406,-0.1001428556765176,-0.1089125450291788,-0.11792772274090835,-0.12717898913145342,-0.13664922325662276,-0.1463135347244262,-0.15613967826249597,-0.16608892384027785,-0.17611730512036106,-0.1861770846653772,-0.1962181815760169,-0.2061892152860616,-0.21603774040163737,-0.22570919631594277,-0.23514408710491752,-0.24427295554066042,-0.25300882922067647,-0.26123699901929154,-0.26880223344974175,-0.2754938203798778,-0.28102913432324694,-0.2850367215903282,-0.2870401432687171,-0.2864439861734067,-0.28252351998324965,-0.274419429353951,-0.2611388775347685,-0.24156386701595367,-0.21446746515663895,-0.17853797763504264,-0.13241060559433304,-0.07470554651624317,-0.004070935346506044
-0.005651892457908758,0.04860889372062838,0.0940251414869997,0.13162183768564395,0.16234607222336583,0.1870674095021494,0.2065789669960707,0.22159916791436718,0.23277412116538843,0.24068056943887273,0.2458293356539456,0.2486691896435098,0.24959105099668344,0.24893244056676167,0.24698209226548373,0.24398463829752215,0.24014528475314112,0.23563440021743753,0.23059194747199685,0.22513169712884373,0.21934517180179247,0.21330527983759628,0.20706960835879862,0.20068335608602217,0.19418189680927123,0.18759297419478838,0.1809385376070538,0.17423623659889254,0.16750059851581112,0.16074391916099673,0.15397690060231417,0.14720907294423435,0.14044903824894295,0.13370457482200537,0.1269826388656119,0.12028929816115541,0.11362962911362517,0.10700760433557877,0.10042599314292167,0.09388629207059696,0.08738869698853025,0.08093212281235163,0.07451427136533928,0.0681317428672723,0.06178018200986335,0.05545444583043446,0.0491487778116908,0.042856970993927934,0.03657250254330924,0.030288623294044914,0.023998388343364763,0.017694618828255404,0.011369790472448127,0.005015851180973474,-0.0013760224138317234,-0.007815711401852443,-0.014314457851749562,-0.020885151216460063,-0.02754255817133755,-0.03430345232557075,-0.041186599435393045,-0.04821255672437763,-0.05540325230823884,-0.06278132292730154,-0.07036920527921042,-0.07818799785006147,-0.08625613534993937,-0.09458794510981905,-0.10319218180971879,-0.11207066064566673,-0.12121712574719945,-0.13061649598838398,-0.14024461965726642,-0.150068638299921,-0.16004800484028836,-0.17013611997556888,-0.18028244489860645,-0.19043482262958067,-0.20054160461110326,-0.2105530490876082,-0.22042135348590186,-0.23009862824686778,-0.23953213842303,-0.24865625212633535,-0.2573807531519199,-0.2655754971039319,-0.27305179806214586,-0.27954139145913937,-0.28467427969556836,-0.28795717341058014,-0.28875453641122295,-0.28627437720681503,-0.2795608707403616,-0.2674956249070721,-0.24880893258942205,-0.22210169545975367,-0.1858779128057204,-0.1385867554543294,-0.07867236433159475,-0.00462870965399409
-0.005881687761590815,0.05019408151081217,0.09677564477302791,0.1349974559717686,0.16590861472107088,0.19047250858980425,0.20956728795817137,0.2239871694237463,0.234444543018395,0.24157283781436778,0.2459300809703593,0.2480030678676397,0.24821204650994222,0.24691580839935012,0.24441707104000931,0.2409680342272873,0.23677599332482835,0.23200889759257004,0.22680074992952193,0.22125675562275315,0.2154581412434613,0.20946658003338614,0.20332817629071842,0.19707697771533272,0.19073800077059877,0.18432976930056233,0.17786638042349745,0.17135912373450468,0.1648176898177054,0.15825101183494583,0.1516677894599141,0.14507674769694967,0.13848668427115873,0.13190635847194754,0.12534427179457674,0.11880838670455018,0.11230582461567407,0.10584257800065133,0.09942326471601914,0.09305094538609415,0.08672701730665144,0.08045119103720433,0.07422154887870169,0.06803467799587049,0.06188586524879147,0.05576933604403811,0.04967851589509342,0.043606291076101034,0.037545243927410876,0.031487839167313236,0.025426540082200244,0.019353837752227765,0.013262182489848673,0.007143814294177542,0.0009904981059860596,-0.005206820398823364,-0.011458412350169755,-0.017776180289243992,-0.024174044497172087,-0.030668248643807683,-0.037277528312312125,-0.04402308595618676,-0.05092832084265675,-0.05801827331330012,-0.06531875974791701,-0.07285519802639628,-0.08065115254920885,-0.088726661774857,-0.0970964476521945,-0.10576814213641184,-0.11474069694620903,-0.12400316351633967,-0.13353403446360224,-0.14330131901924803,-0.153263476159045,-0.1633712452139071,-0.17357029193919393,-0.18380443028647564,-0.19401899485497553,-0.20416374270160942,-0.21419448119480178,-0.22407248425270376,-0.23376071092107953,-0.24321591557452749,-0.2523759675998667,-0.26114209291906265,-0.26935629830330665,-0.27677490141760774,-0.283039796214569,-0.28764974487766315,-0.28993450523265274,-0.28903488359697493,-0.28389177521152176,-0.2732468776298327,-0.25565703577463395,-0.22952314135774232,-0.19313324471825988,-0.14471816041381413,-0.08251650374973485,-0.0048449441336342325
-0.005425162022222096,0.052511890428322605,0.10024010388007465,0.13901525458967345,0.17000013902803657,0.19426321818396675,0.21277822310588235,0.22642476428424052,0.23598995832464942,0.2421710534691699,0.24557900302476332,0.24674290469292615,0.24611519599810938,0.24407747300960425,0.24094678249528645,0.23698222725876184,0.2323917209859223,0.22733873231994384,0.22194886756998544,0.21631615658807002,0.21050892582578173,0.20457516516193897,0.19854731946784243,0.1924464607712726,0.1862858211165448,0.18007368878833185,0.1738156906569981,0.1675165004299637,0.16118102619161645,0.1548151406351157,0.1484260238660835,0.1420221917837705,0.13561328312322152,0.129209675664256,0.12282199731367927,0.11646059119801633,0.11013498601165539,0.10385341406856474,0.09762241018670315,0.0914465150331405,0.08532809716774681,0.07926729899822815,0.07326210341737438,0.06730851022523732,0.06140080471886611,0.05553189522230939,0.04969369199129714,0.04387749701822896,0.03807437294328908,0.03227545969706247,0.026472209789744294,0.020656517417365183,0.014820722810769293,0.008957481457760874,0.0030594978174902643,-0.0028808653887444358,-0.008872078757601098,-0.014924002283394966,-0.021048457238774798,-0.027259754333954778,-0.033575110473768266,-0.04001488219433336,-0.0466025448251739,-0.05336435379602422,-0.0603286393019169,-0.06752470842266378,-0.0749813599046738,-0.08272505556368559,-0.09077783710080789,-0.09915512527445136,-0.10786358562573062,-0.11689928547755501,-0.12624639320254305,-0.1358766737660857,-0.14575000431935203,-0.15581606025761596,-0.16601719758076117,-0.17629237770989326,-0.18658174945596828,-0.19683123339035413,-0.2069961734332133,-0.2170428704551055,-0.22694664724100466,-0.23668507456053156,-0.2462251725990683,-0.25550383211776584,-0.26440138504100874,-0.27270915989620637,-0.2800928986711311,-0.2860549575244047,-0.28989910354376436,-0.29070228677709453,-0.28729786708401406,-0.27827431439013295,-0.26199235394842546,-0.23662195191781432,-0.20019857083900972,-0.15069598390190242,-0.08611089022577056,-0.004552911295248041
-0.004191584549867677,0.05554368410887678,0.10431163191528503,0.14349823237543324,0.17438900037691019,0.1981663537182028,0.2159080574613812,0.22858686208096168,0.23707140775701907,0.24212842079926533,0.24442617778040265,0.24453916228562012,0.24295379183392063,0.24007505163122955,0.2362338398541608,0.23169480781950158,0.2266644684905681,0.2212993482704375,0.2157139691188017,0.20998846924289394,0.20417569901864674,0.19830766218824225,0.19240120846209807,0.18646292023465838,0.1804931712459119,0.1744893670786989,0.1684484051631876,0.1623684146818527,0.1562498540453059,0.15009605541671744,0.14391331236626792,0.1377106086295723,0.13149908376060848,0.12529132593293069,0.11910057399226082,0.11293990081819816,0.10682143877146855,0.10075569606526402,0.09475100079173204,0.0888130974533543,0.08294490950051392,0.07714647079265147,0.07141501925258309,0.06574523739768834,0.06012961701107988,0.05455891904805332,0.04902269505739332,0.04350983303888745,0.03800908888800114,0.03250956453919285,0.02700109576562637,0.021474516469644822,0.0159217723208136,0.010335864818409757,0.004710617230946124,-0.0009597337820363983,-0.006681103076730199,-0.012460245605175668,-0.018305520435325295,-0.024227667289688615,-0.030240519906041374,-0.03636157107551741,-0.04261229964176971,-0.04901817165366884,-0.05560823779733104,-0.062414268529057626,-0.06946939792958196,-0.07680628750982921,-0.08445487140260743,-0.0924398026889528,-0.1007777834922341,-0.10947502333653647,-0.11852512312495955,-0.1279077154040782,-0.13758819240853315,-0.14751880713891685,-0.15764132475616188,-0.1678912197967306,-0.1782031534962365,-0.1885171306102893,-0.19878434905160747,-0.20897136225176682,-0.21906084037812512,-0.2290470292686586,-0.23892406161079727,-0.24866566119457456,-0.2581955525556552,-0.2673490404441101,-0.2758276726586266,-0.28315047697023,-0.2886067273831423,-0.2912162679396415,-0.2897038353523247,-0.28249337148265563,-0.2677269134972464,-0.24331035227075892,-0.20698537892195623,-0.15642366492786408,-0.08933621903833577,-0.003588443563247612
-0.0021318312430880226,0.05918247964236656,0.10876345069266247,0.14813081041909548,0.1786969262287843,0.20176260564530368,0.21851408395187377,0.23002140181085506,0.2372383279714656,0.2410039180617507,0.24204572659076895,0.24098461207154465,0.23834100091136268,0.23454241004914111,0.22993197579682745,0.22477770010761677,0.21928210713926255,0.2135920025490221,0.20780804410006226,0.20199386240514716,0.19618451171981421,0.19039407896068683,0.1846223308330175,0.17886033064328855,0.1730950050663087,0.1673126845056485,0.16150167711257835,0.1556539651055373,0.14976613249147208,0.14383964590515275,0.1378806157299315,0.1318991639065703,0.1259085189856184,0.11992394919964822,0.11396163174815888,0.10803754212863437,0.10216643210281928,0.09636094948800311,0.09063093797959842,0.08498294105967608,0.07941992100583262,0.07394119225311746,0.06854255795978714,0.06321662960703156,0.05795330181489744,0.05274034826393015,0.04756409967430697,0.0424101612402068,0.03726412481935837,0.032112230654119056,0.026941934611039553,0.02174234005912945,0.016504458757997664,0.011221272665012716,0.005887578501348134,0.0004996092358395821,-0.0049455588079863055,-0.010450788106736386,-0.016019808574255112,-0.021658231862551336,-0.027374573264201008,-0.03318118815405802,-0.039095018855670016,-0.04513804261052412,-0.051337313971739906,-0.057724507423696725,-0.06433489013617733,-0.07120569185509273,-0.07837388962627712,-0.08587348880354329,-0.0937324564056623,-0.10196954388902002,-0.11059131641311959,-0.119589773803646,-0.1289409899099625,-0.1386051934466317,-0.14852864357328466,-0.1586474959932187,-0.16889359269012916,-0.17920173304032927,-0.18951750634061915,-0.19980422279012755,-0.2100469425198077,-0.22025117754772516,-0.23043366661601317,-0.24060284579905478,-0.25072738514006465,-0.26069249590806276,-0.27024558949639665,-0.2789351049753437,-0.28604859509447733,-0.29055804173480304,-0.2910813989635177,-0.2858691352050098,-0.27282283101853144,-0.2495497013170742,-0.21345256306279747,-0.16184986038468496,-0.09211569516509144,-0.001826260456487372
0.0007363924212762107,0.06321185370933868,0.11323450603771157,0.15245323588452653,0.18240375585499846,0.20450262137272768,0.22004250991888252,0.23018908132931815,0.2359796802048213,0.23832405707403792,0.23800718241566488,0.23569411702775112,0.23193679365196251,0.2271824674228511,0.2217835140739357,0.21600820004533094,0.21005202027732972,0.20404919757322215,0.19808395975883242,0.19220125347034633,0.1864166111255101,0.18072495480352613,0.17510819176088654,0.16954152607470308,0.1639984752447181,0.15845463640279434,0.1528902921074331,0.14729197965452423,0.14165317045267356,0.13597421806232068,0.1302617362689893,0.12452756364483841,0.11878746016644337,0.113059666292195,0.1073634370180847,0.10171764417930484,0.096139520756656,0.09064360203813626,0.08524090078931623,0.07993833749549983,0.07473843246148659,0.06963925415175565,0.06463460757750061,0.05971443766936835,0.05486541526723121,0.050071667458266855,0.04531560937911072,0.04057883119317962,0.035842991751308784,0.03109066951150785,0.026306121774756885,0.021475905400479167,0.016589316158023504,0.011638610029706786,0.006618978367073591,0.0015282600053754258,-0.0036336126713929495,-0.008865420269804414,-0.014165683426873077,-0.01953385803448926,-0.024971625551283072,-0.030484185294179955,-0.03608143805732178,-0.041778937356304,-0.047598478348130246,-0.053568197530209805,-0.05972207122482631,-0.06609873000903255,-0.07273955160922485,-0.07968605743746027,-0.08697671755981817,-0.0946433629180139,-0.10270750641876303,-0.11117697625509804,-0.12004335059759841,-0.12928073190897615,-0.13884638533041604,-0.14868365860519672,-0.15872737030736994,-0.1689114744424587,-0.17917827445140633,-0.18948778836722768,-0.19982512130109464,-0.21020299613326943,-0.22065609773859185,-0.23122381164898176,-0.2419185036874909,-0.25267786250680047,-0.2633020605614722,-0.27337943849912705,-0.28220770899995573,-0.2887207157966025,-0.29143284357390087,-0.28841353976050677,-0.27730256658873853,-0.2553724226569245,-0.219638238996686,-0.16700827351448044,-0.09446120824411564,0.0007687649270655683
0.004282448087144619,0.06727323961683096,0.11721169830855915,0.15585977413857677,0.18486206107774183,0.205737944622987,0.21987505275692198,0.22852445614161132,0.23279799974619353,0.2336680432681546,0.2319697538329195,0.22840594602101127,0.22355431621037392,0.2178767842486531,0.21173054672092873,0.20538037018948563,0.1990116134938038,0.1927434654252096,0.18664191443395506,0.1807320245594357,0.17500916899905805,0.16944896154762512,0.1640157187095297,0.15866937473000542,0.15337085262740402,0.14808596269373497,0.14278795365802877,0.13745888006864382,0.13208997296621083,0.1266812110343749,0.12124028816642296,0.11578116311636899,0.11032236000674489,0.10488516720390928,0.09949185844566566,0.09416403577862775,0.08892117013467482,0.08377939318938443,0.07875057411313824,0.07384169727972045,0.06905454203492623,0.06438565317304645,0.05982658061977508,0.05536435869970324,0.05098218896824536,0.04666028561030222,0.042376838591998034,0.038109046901888544,0.03383417222896368,0.029530562288135886,0.02517859282260959,0.020761478289948787,0.01626590367279901,0.011682434109150375,0.007005665507965997,0.002234088381425803,-0.002630350910260315,-0.007582992281101486,-0.012617490156643374,-0.017727089872705992,-0.022906091595029654,-0.02815141753222461,-0.033464175246217476,-0.03885108948102678,-0.044325659531943895,-0.04990889155328171,-0.05562945844862144,-0.061523157360016345,-0.06763156945854165,-0.07399988148666425,-0.08067390506652439,-0.08769642810707134,-0.0951031497252166,-0.10291857860113796,-0.11115240131428061,-0.11979693116133516,-0.12882629998241635,-0.1381980182441036,-0.1478573592095862,-0.15774467925451807,-0.16780523719174179,-0.17800031624542756,-0.18831752409038627,-0.19877715556542208,-0.2094306351743218,-0.2203465766175845,-0.23158021985096733,-0.24312323712620376,-0.2548333347329108,-0.26634668845594156,-0.27698068157330447,-0.28563893650285266,-0.2907342072353769,-0.29014617189707326,-0.2812295560117435,-0.2608828759889865,-0.22567977947134676,-0.17205475271736237,-0.09652489256977281,0.004078183980144701
0.008200442066195635,0.07082563611032722,0.12001139416078077,0.1576013292658076,0.18531965238763304,0.2047616525800695,0.21738547571324496,0.22450576394612298,0.227289655241393,0.22675552254277553,0.22377467094544956,0.2190760272169361,0.2132536694042364,0.20677687363386088,0.2000022157897452,0.19318716798936064,0.18650457878195992,0.18005742166115457,0.17389323425511227,0.16801774251755264,0.16240726048259146,0.1570195660775413,0.15180306701062518,0.14670417915206402,0.14167293634496136,0.13666693065449254,0.13165374328777224,0.12661206831281158,0.12153175492721191,0.11641300153244272,0.11126492908282826,0.1061037452052429,0.1009506875038455,0.09582990709739958,0.09076642420859349,0.08578425848495774,0.08090480914513565,0.07614553501072718,0.0715189625928363,0.06703203189992157,0.06268577449385715,0.058475306316092546,0.054390108576165996,0.050414563099520304,0.04652870350695215,0.04270913999344961,0.038930112891196966,0.03516462832011724,0.03138562783215226,0.02756714294390994,0.023685384857342395,0.019719719654526013,0.015653480111955442,0.011474567416561055,0.0071757999681607565,0.002754972651455301,-0.0017854010276665555,-0.006438679286001392,-0.011195014447303198,-0.01604258758939503,-0.02096911308899374,-0.025963545574324787,-0.031017895329535694,-0.036129032111475556,-0.04130033392445265,-0.04654301939970695,-0.05187699342280849,-0.05733103938063566,-0.06294221199941363,-0.0687543263923378,-0.07481550537106729,-0.08117484084792226,-0.08787834644988601,-0.09496452343794148,-0.10246002064033144,-0.11037602265020086,-0.11870611926286978,-0.12742645091615268,-0.13649883619291403,-0.1458773081518827,-0.15551796030832632,-0.1653911960066865,-0.17549439824645008,-0.1858617770560449,-0.1965668961232514,-0.2077124328462845,-0.2194014908660793,-0.2316857095206286,-0.24448788020290957,-0.25750093654991346,-0.2700707797069928,-0.2810766395275519,-0.2888282190838929,-0.291002027165137,-0.2846384275409066,-0.26621500144950927,-0.2318009903957119,-0.17728351633680894,-0.09864195653919383,0.007764122021690412
0.011954509262086521,0.07311756717333084,0.12077527721063364,0.15680210973312736,0.18295365200541536,0.20085613184408047,0.21199716339782126,0.21771834116880884,0.2192102607942088,0.21751042762039985,0.21350434255420314,0.20792985062215985,0.20138462493275044,0.19433646010546113,0.18713588372921341,0.18003047548318651,0.1731802182284552,0.16667319435350247,0.16054097914311916,0.15477316198987134,0.14933053438540433,0.14415660836706845,0.13918725848445357,0.13435840401017396,0.12961175796307955,0.12489876009356715,0.12018287945300132,0.11544051801445798,0.11066077136778718,0.10584430844936454,0.10100162303995264,0.09615088914969538,0.09131562410815652,0.08652233055314573,0.08179825440729305,0.07716936259566642,0.0726586133307463,0.06828456434848773,0.06406034110165448,0.059992967779396,0.056083048988428086,0.052324778636845704,0.04870624449862193,0.0452099915158235,0.041813803506543845,0.0384916610001258,0.03521483188902641,0.031953051025503054,0.02867574447123422,0.025353253625860273,0.02195801385659335,0.018465641616939532,0.014855883621302635,0.01111338182618793,0.007228209278399955,0.003196134947882623,-0.0009814188556984682,-0.005297754309051772,-0.009741626719217411,-0.014298323225750753,-0.018951070258595326,-0.02368272395734161,-0.02847767006965407,-0.033323830297496304,-0.03821464264635788,-0.043150856766896784,-0.04814196501179113,-0.0532070801396185,-0.05837507610925252,-0.06368383452607462,-0.06917849146062105,-0.07490866249870054,-0.08092474136435035,-0.08727351936756067,-0.09399355357443762,-0.10111090619701857,-0.10863605855644431,-0.11656292595194762,-0.12487090262679379,-0.13353067092619186,-0.14251403184783973,-0.15180718500712276,-0.16142567789836137,-0.1714277140415068,-0.1819208394675571,-0.19305555590565726,-0.20499863326418444,-0.21787941533328237,-0.23170481527374465,-0.246243349908279,-0.2608853683002046,-0.27449479578949276,-0.28527563116575827,-0.2906818139225871,-0.28739943444349314,-0.2714237273256239,-0.23823957963660103,-0.1830953872356329,-0.10134022003634335,0.011221191366645566
0.01477230049486744,0.07320534198660944,0.1185073370690728,0.15250944786121012,0.17692739896398235,0.19335155977443774,0.2032380382045944,0.20790135999529458,0.20850930432556503,0.20608038818755636,0.20148434988323372,0.19544579497518777,0.18855095956624313,0.18125734008919325,0.17390575751652593,0.1667342838000665,0.1598933699323699,0.15346148220291633,0.1474605738120296,0.14187078577618095,0.1366438732395241,0.1317149782135627,0.12701250440983225,0.12246598229091621,0.11801193292515455,0.11359784058809241,0.10918442212425239,0.10474643442712095,0.10027229090456169,0.09576276609798162,0.09122905845826734,0.0866904589102524,0.08217184154280899,0.0777011564863197,0.07330706713571322,0.06901683700316807,0.06485453756344972,0.06083961873281707,0.05698585874892137,0.053300690359781466,0.04978488518028312,0.0464325673689685,0.04323152078364023,0.04016374977347281,0.037206252016269925,0.034331961598306204,0.031510821210166906,0.0287109433380901,0.02589982122323553,0.02304555083013815,0.020118024945035895,0.017090059808388514,0.013938413530842464,0.010644654276533938,0.007195835312310717,0.003584934157168984,-0.00018898501833186643,-0.00412092206508996,-0.008200432946721126,-0.012412479415085276,-0.016738635490448406,-0.02115862800920576,-0.02565216173993301,-0.030200948805522376,-0.03479082892056917,-0.03941383365199025,-0.04407001788646747,-0.04876885930874808,-0.05353001735306373,-0.05838325311291337,-0.06336734810187439,-0.06852792975275834,-0.07391422156670702,-0.07957488994172346,-0.08555335701327005,-0.09188317962110881,-0.0985843351678839,-0.10566146226142381,-0.11310520925371526,-0.12089775206876263,-0.12902313854855363,-0.1374822832500775,-0.1463110930528475,-0.1555983592317749,-0.1654978709236805,-0.1762270680092679,-0.18804307598408743,-0.201186959416483,-0.2157893450588131,-0.23173583825025013,-0.24849897351310535,-0.2649539931337008,-0.2792066063316754,-0.28846906095192804,-0.2890228484316111,-0.276299199998453,-0.245091252251195,-0.1898866539451194,-0.10528224326043167,0.013578874251717998
0.015725767188645268,0.07005014973446588,0.11217769037621039,0.1437956878779234,0.16648273399889701,0.1817020080011802,0.19079511074051236,0.19497676040112744,0.1953307645249609,0.19280771219519766,0.1882247909024981,0.1822680307360578,0.1754971288685354,0.16835283005422808,0.16116665623774917,0.15417261149600003,0.1475203550679729,0.14128924763988904,0.1355026407297002,0.13014179603369858,0.1251588853279313,0.12048862182640141,0.11605819786976612,0.11179533762365024,0.10763440414559478,0.10352061703559601,0.09941253234353953,0.09528300630881459,0.09111890789617805,0.08691986364609994,0.08269631562107227,0.07846715382258607,0.07425715334511329,0.07009440848375048,0.06600791518170146,0.06202541293872477,0.0581715600675099,0.054466483594634685,0.050924718025262106,0.04755452588414455,0.044357577205466736,0.04132895444136819,0.038457442859197055,0.03572606356304808,0.033112805937416834,0.030591517730619966,0.028132913402584503,0.025705664082008806,0.023277534956986923,0.020816537737367025,0.018292066700249077,0.015675986641701112,0.012943639855742983,0.010074737270595602,0.007054096499758966,0.0038721874005687162,0.0005254445354085924,-0.002983693393794784,-0.0066470535168865474,-0.010451337092869384,-0.014379082724753633,-0.01840998311593056,-0.0225225299722287,-0.02669593170049156,-0.030912213524408205,-0.03515837134024169,-0.03942841204376757,-0.04372507850709306,-0.048061032708507145,-0.0524592631112939,-0.056952501083527896,-0.0615814858334649,-0.06639201808904582,-0.0714308982871441,-0.07674106004433989,-0.08235648062598822,-0.08829775916764371,-0.09456956030948094,-0.10116135395865067,-0.10805293033736385,-0.11522588282391633,-0.12268145346807424,-0.13046366524753195,-0.13868444362222432,-0.14754456563117868,-0.15734117080906573,-0.16844999806054917,-0.18126959770182394,-0.19611679619839073,-0.21306875098366707,-0.23175740266717337,-0.25113614978375676,-0.2692536714736393,-0.2830819691655071,-0.28844993643080374,-0.2801256560561154,-0.25206830612829223,-0.19783677328213622,-0.1111048495022553,0.013796320242355886
0.013909825352913519,0.06270080536006795,0.10089683465708754,0.12991336895275962,0.1510676129371089,0.16557912148527887,0.17456999601454415,0.179064446595548,0.17998776439821418,0.17816499651988238,0.17431979660548036,0.16907401542650025,0.1629485878770187,0.15636617423651167,0.14965584397952592,0.1430598781388479,0.13674254321954704,0.1308004868522814,0.12527424836027867,0.12016028312941662,0.11542287469419898,0.1110053491237184,0.10684010055862236,0.10285706716610177,0.09899044393889556,0.09518356446071197,0.09139201329519642,0.0875851341296996,0.08374617132615247,0.07987132367595917,0.07596800188677078,0.07205257079090499,0.06814782959047738,0.06428044483931705,0.06047850688188161,0.0567693357024992,0.05317762001172133,0.04972393620174875,0.04642366283451471,0.04328628205826979,0.04031504163893507,0.03750693956894535,0.034852986637301964,0.03233869993133842,0.02994478097145281,0.02764793506492813,0.025421792589777947,0.02323789747773075,0.021066732479226413,0.01887875432060815,0.016645414214001786,0.01434014011617668,0.011939256583230584,0.009422816137039103,0.006775313038912767,0.0039862467423108505,0.0010504987599406768,-0.002031515882571444,-0.0052539619585982855,-0.008605998751721078,-0.012072525566909409,-0.01563527445670987,-0.019274246785761395,-0.02296946298201208,-0.026702960010896337,-0.030460929628159494,-0.034235844449393316,-0.03802837209547194,-0.04184883592817501,-0.04571795232825737,-0.04966656977755912,-0.05373416731665559,-0.05796595421522932,-0.06240856423702512,-0.06710456963677425,-0.07208635788313567,-0.07737030969656411,-0.08295265739407798,-0.08880881693478893,-0.09489825220736714,-0.10117685945181742,-0.10761820621435314,-0.1142434472754581,-0.121157144721185,-0.12858250534393045,-0.13688505691142572,-0.1465694153537176,-0.1582310801391391,-0.1724461329254745,-0.18958826003363694,-0.2095757577247115,-0.23157038405231756,-0.25367185614682786,-0.2726706668519032,-0.2839303097794006,-0.28146105443450087,-0.2582177908318801,-0.2066076099316818,-0.11914024956984948,0.010886611895512655
0.008687134775435368,0.05053017676810345,0.08412975262086242,0.110476166346972,0.13047620669548055,0.1449667685220093,0.15472635889759268,0.1604833047929577,0.16292006070344067,0.1626736423110411,0.160332784896978,0.1564328615036472,0.1514498445549859,0.14579463807094362,0.13980896002422183,0.13376365645961963,0.1278599392077946,0.12223362303304564,0.1169620577225765,0.11207315448468647,0.10755572308249084,0.10337027393810194,0.09945948639051538,0.0957576750378677,0.09219876840905661,0.08872251557207766,0.0852788289398414,0.08183033546279139,0.07835333216752405,0.07483742202037691,0.07128414485221812,0.06770492204086898,0.06411861124293194,0.06054892748540963,0.05702193739421668,0.05356378087387581,0.05019872413836657,0.04694760298474554,0.04382667753648617,0.04084689015558629,0.03801349676727517,0.03532602780835381,0.03277852738774234,0.030360016839306336,0.028055130403444206,0.025844875084688024,0.023707472685523978,0.021619248631688404,0.019555538653512894,0.01749159000206424,0.015403438149323545,0.013268742503469877,0.01106756538105591,0.008783077307576104,0.006402168836218802,0.003915944845644059,0.001320072275559081,-0.0013850527186289874,-0.004194356136459465,-0.007098395593625018,-0.010083965308935294,-0.013135026588387166,-0.016233979371369944,-0.019363267582264587,-0.022507278696555222,-0.025654455696266343,-0.028799488203381518,-0.03194539148053055,-0.03510522194774568,-0.038303123715023535,-0.04157436396897696,-0.04496401177234377,-0.04852396520276736,-0.05230815958860413,-0.05636601990192647,-0.06073457456617293,-0.06543013560011746,-0.07044105596023842,-0.0757237408458864,-0.08120469086489068,-0.08679167558663936,-0.09239685330853442,-0.0979733485501515,-0.1035640284976247,-0.10935667440608432,-0.11573352229438294,-0.12329610214318132,-0.132840335462451,-0.14525490366104554,-0.16132140905161352,-0.18141049724247083,-0.20509411183959747,-0.230726624557978,-0.25507842648380263,-0.27312310733752154,-0.2780720349556156,-0.26171144143949854,-0.21503082837830978,-0.1290544705651855,0.00427361451702124
-5.905320322696639e-5,0.03346894218513308,0.061897526674186576,0.08561932726231847,0.10496303026437781,0.12022731941740128,0.13170989034981728,0.13972890601852628,0.14463531355343884,0.14681566606312613,0.14668628360727265,0.1446805714673447,0.14123196707359797,0.1367552484781549,0.13162881093515333,0.1261800652001832,0.12067543513899182,0.1153156582052346,0.11023634400737725,0.1055131251520014,0.10117030614423816,0.09719170409042155,0.09353236513773533,0.09012999127065457,0.0869151672714632,0.08381977985217981,0.08078332084799245,0.07775702821288677,0.07470602172464025,0.07160972764491325,0.06846096122447731,0.06526405755273457,0.062032422593323755,0.05878583055365061,0.05554773295299986,0.05234277861578773,0.049194679542091446,0.046124500006781144,0.04314939806135376,0.040281810981264154,0.03752904904729837,0.03489324451086295,0.03237159332559392,0.029956824662817905,0.027637835745051742,0.025400435579022496,0.02322814934832307,0.021103044318276698,0.019006547104015947,0.016920230246295187,0.014826552615648136,0.012709542789357098,0.010555416955257524,0.00835312299405322,0.006094800248488408,0.0037761403521243686,0.0013966288073326005,-0.0010403595619501438,-0.0035276446885181834,-0.006054543590553241,-0.008607432293092021,-0.011170606868847077,-0.013727474883121094,-0.01626209173786508,-0.018761028986477246,-0.02121552187443365,-0.023623790150228974,-0.02599335996006369,-0.028343137980318733,-0.030704907738004383,-0.03312384279501268,-0.035657578582327876,-0.038373377854372226,-0.0413429955318354,-0.044635035698656456,-0.04830493888801479,-0.05238327947229182,-0.056863810347904664,-0.06169364288953405,-0.06676899693562932,-0.07194088320877201,-0.07703551190038782,-0.08189359084865488,-0.08643026206042714,-0.09071249311882701,-0.09504287553390123,-0.10002842365341058,-0.10660204541110074,-0.11595672052685613,-0.12935354564362234,-0.14778026250940313,-0.17146957048977152,-0.19933346010108766,-0.2284201558931338,-0.2535362876546521,-0.26717877209203467,-0.25987483563340685,-0.2209364323724703,-0.1395203248637591,-0.005788217063773526
-0.011715712884165175,0.012186920657200506,0.034921014467067746,0.0561002531662651,0.07529905358569744,0.09211539599558582,0.10622454531060566,0.11741899035608672,0.1256316539670066,0.13094150664076798,0.13356280793900543,0.13382098723924862,0.1321194210117671,0.12890193653711446,0.12461575682833503,0.11967889065326398,0.11445483973975223,0.10923616268453928,0.10423712434936716,0.0995945557034954,0.09537527201217655,0.09158799127511275,0.08819763571171402,0.08514011386537002,0.08233607255874942,0.0797025785911587,0.07716215763042333,0.07464902455987632,0.07211265378000098,0.06951905006567172,0.06685019711456297,0.06410219809805406,0.061282600595288894,0.0584073374972518,0.055497633545561253,0.052577138181104655,0.0496694594606395,0.04679619750816988,0.04397551287999191,0.04122121663589118,0.038542334503888664,0.03594307593075596,0.03342312806213554,0.030978192579561803,0.028600687619819265,0.026280545653779352,0.02400604939846529,0.02176466006232536,0.019543804264491538,0.01733159689065067,0.015117486266553737,0.012892814876436898,0.010651293138793871,0.008389385348534173,0.00610660581719058,0.003805719657140383,0.0014928368878233123,-0.0008226188910911425,-0.0031280943629856672,-0.005408278236382902,-0.007645702981476266,-0.009821622259144736,-0.011917208006011482,-0.013915101574867084,-0.015801333106436832,-0.01756758945761705,-0.01921376075119463,-0.020750626899209923,-0.02220245783699548,-0.023609197074624166,-0.025027784467257508,-0.026532064504837027,-0.028210643905353994,-0.030162041716682797,-0.032486565054972605,-0.03527460605886512,-0.03859156158382193,-0.04246039448782257,-0.0468440251104405,-0.051631237617990156,-0.05663145454957119,-0.061585213695464436,-0.06619782394856921,-0.07020249315861316,-0.0734549536246516,-0.07605303595124857,-0.07846123603905708,-0.08160330815426997,-0.08686942622413651,-0.09597603053805281,-0.11062586647383332,-0.13195113701105132,-0.1597850840032069,-0.1918851722219248,-0.2232993384299906,-0.24609272364778612,-0.24960818562845377,-0.22131345362522636,-0.14811929310695304,-0.01789751518860916
-0.0248027403972908,-0.011803485190888807,0.004685711637694379,0.023324023111216174,0.04276059517447095,0.06173556299457905,0.07916629258477093,0.09421147032543065,0.10630825129457522,0.11518090735126618,0.12082274636080337,0.12345598426793947,0.12347633172727557,0.1213900640751131,0.11775122690904061,0.11310552347424041,0.10794561580720918,0.10268041509382986,0.09761881234189262,0.09296651922392707,0.0888334485537885,0.08524843140720995,0.08217799439650308,0.07954627761245225,0.07725379773532959,0.07519349259581665,0.07326319472156806,0.07137428665590884,0.0694567471215195,0.0674610960550246,0.06535790330385138,0.06313556825650357,0.06079703793453417,0.05835603956129942,0.05583328597321069,0.05325298804120093,0.050639891117014724,0.048016950768196676,0.045403680884582354,0.04281514568964395,0.040261525197667236,0.037748158839082446,0.03527596126722221,0.032842104505391045,0.030440868466838022,0.02806457469864787,0.02570453362764935,0.02335195176547833,0.020998760862178667,0.01863834488810978,0.016266152306234627,0.013880189966259504,0.011481400889994386,0.009073931151248882,0.006665291014733565,0.004266412617825122,0.0018916009899885289,-0.00044163252092355165,-0.0027128747599367564,-0.004899283861887316,-0.006976271660594779,-0.00891844446574419,-0.01070085582746616,-0.012300623125984789,-0.013698948500659558,-0.014883559995509277,-0.015851546633289804,-0.01661249714241153,-0.01719176253739585,-0.01763354570172604,-0.01800337805335106,-0.01838938190912076,-0.018901554588080405,-0.019668177970818324,-0.020828405474871747,-0.022520180658027744,-0.02486299584422058,-0.027935722472577584,-0.031750956224116056,-0.03622910213314201,-0.04117775635567833,-0.04628458956005099,-0.05113431346432806,-0.055261314619248214,-0.05824746037570927,-0.05986724386834075,-0.06026780452117597,-0.060148885719416345,-0.06088043617194616,-0.06447181524239243,-0.07330070634060748,-0.08953828292233323,-0.11427994142788656,-0.14650095319903755,-0.1820729766727478,-0.2131505532948741,-0.22821518251840933,-0.21292302376144567,-0.1516672368514984,-0.029521975187656757
-0.03691933646462919,-0.03612852000960309,-0.026572790766592025,-0.01070025669938035,0.009062846126386415,0.030460614239425254,0.05153423598296758,0.07071619125358009,0.0868846405297754,0.09937543856656417,0.10795417461847734,0.11275507702221299,0.11419685712454175,0.11288718552736832,0.10952737426537196,0.10482716699940564,0.09943675076189207,0.09389978040155134,0.08862795207945462,0.08389497048323102,0.07984593054903888,0.07651726585515872,0.07386240254994059,0.0717788787427236,0.07013367886467625,0.06878464347287272,0.067596858216326,0.06645378403305502,0.06526351351573778,0.06396092579959634,0.06250669602156433,0.06088414202683934,0.05909480980801751,0.05715355442919323,0.05508370056932277,0.05291269243349417,0.050668483882279514,0.04837678607167062,0.046059185810395586,0.0437320732574622,0.04140626984425699,0.039087222219483575,0.03677562075296015,0.03446830686865843,0.03215934782002128,0.029841176756281396,0.027505717122195517,0.025145431411480512,0.0227542535660894,0.020328380954747427,0.01786691537361973,0.015372352694340119,0.01285092762793516,0.01031282367607167,0.007772258847216218,0.005247455291578884,0.002760495846359401,0.00033706282296597223,-0.0019939554458958675,-0.004201016228775334,-0.006250670410429482,-0.008108557088269297,-0.009740704898924424,-0.01111520584215464,-0.012204325524902249,-0.012987100407860996,-0.013452442806301423,-0.013602722196589756,-0.013457710378667276,-0.013058662013902822,-0.012472146408612605,-0.011793050638570168,-0.01114594560467852,-0.010683766203080314,-0.010582546089289213,-0.011030837562576057,-0.012212546836059435,-0.014282376050531287,-0.017334075264387128,-0.02136347281203088,-0.026230927388052994,-0.031631428290884944,-0.0370847174806479,-0.04196157205521667,-0.045563926401000376,-0.04727291557204305,-0.046766466326405354,-0.0442834472743896,-0.04087437896963886,-0.038536004733428886,-0.04009555105562823,-0.04871621978317675,-0.06696370581391298,-0.09551123282313245,-0.13173867550673357,-0.1686316008013864,-0.19442227256096922,-0.19327495075650258,-0.14701216199748535,-0.03751300902051247
-0.04477965007314921,-0.05761707758250667,-0.05595313859727424,-0.04345557283651891,-0.023739496012896932,-0.0001630652878317207,0.02434760014881121,0.04742897407059399,0.06735557702094441,0.08305619701890654,0.09407381472469245,0.10047864958179176,0.10274857970231688,0.10163367999130912,0.09802152844811163,0.09281749119986715,0.08685006505735515,0.08080643374681884,0.07519861533958627,0.07035670376321557,0.06644318287881257,0.0634812138477856,0.061389971473165605,0.06002116515332423,0.05919240897579625,0.05871473665506555,0.05841302687249117,0.05813926467810804,0.05777936546308515,0.05725474974845346,0.056520039106389586,0.05555822017645928,0.05437446751767494,0.05298958878574167,0.05143380501431727,0.04974133783586998,0.047946064917007813,0.04607833517240101,0.044162909357239766,0.04221790710411488,0.04025459285483235,0.03827781335788094,0.03628690101673682,0.03427687343041752,0.03223978400103489,0.03016610676053011,0.028046067102347916,0.025870856549774057,0.02363369265595905,0.021330703944092644,0.01896163430795772,0.016530371669641664,0.014045312266423249,0.011519575094696588,0.008971081132242542,0.006422509279690569,0.003901135724662108,0.0014385558048402025,-0.0009297224025517359,-0.0031648353606450463,-0.00522530818974376,-0.007068035775390502,-0.008649564832984513,-0.009927752500451081,-0.010863883762068927,-0.011425328132042,-0.011588800530220045,-0.01134425569290487,-0.010699381799476715,-0.009684558008015376,-0.008357992514306023,-0.006810553981417389,-0.005169545464994929,-0.0036003516971079286,-0.00230454118631096,-0.001512677181848776,-0.001469883923605142,-0.0024122851674186485,-0.00453301156385999,-0.00793786277542674,-0.012593245836010514,-0.018272974431424505,-0.024515947173882058,-0.030613118027121633,-0.0356480117152107,-0.03861726450291458,-0.03865136765246335,-0.03533471394922616,-0.029083055368485322,-0.021476718950979024,-0.015383987905045249,-0.014673616925769739,-0.023353248170883578,-0.04411530116711715,-0.07651253769085065,-0.11524344418615406,-0.1491722882702562,-0.16161708301497635,-0.13207669279472523,-0.03905022379595513
-0.044335085233147886,-0.07243677016373251,-0.08002465096597255,-0.07204259411458391,-0.05335815391757981,-0.028495461033349212,-0.001404464449089371,0.024712637416771877,0.04750265061107495,0.06548368290767836,0.07799156932892304,0.0850627048684287,0.08727260724879837,0.0855532858159771,0.08101249884896289,0.074774537238528,0.06785623383360972,0.06108482726263409,0.055057523725607904,0.05013723120916813,0.04647561386268473,0.044053408267804794,0.04272850290228858,0.04228401666094106,0.04247089485815314,0.04304185086339585,0.04377547055294562,0.04449079281691004,0.045053649559334996,0.04537654999402063,0.04541402788376159,0.045155248745750054,0.04461539931739855,0.043827036691250765,0.04283222038237744,0.04167592743502935,0.04040098137074777,0.0390445196710405,0.03763588120184869,0.03619570784750925,0.03473601351594757,0.03326096729320893,0.0317681549562141,0.03025011479629347,0.02869598215951319,0.027093116675883433,0.025428623077597745,0.02369070859146971,0.02186984611407139,0.019959732559553967,0.017958046263058858,0.01586701676702651,0.0136938254589416,0.01145085708889182,0.009155820788824709,0.006831755312649346,0.00450692712666223,0.0022146218753991143,-7.180297668885061e-6,-0.0021162670341277057,-0.004066828823795721,-0.005810317201222492,-0.007296592412006309,-0.008475442465551541,-0.009298568691804565,-0.009722140716285299,-0.009710021774515187,-0.009237747412065733,-0.008297298722132584,-0.006902634932871354,-0.005095826672841586,-0.0029534462529636762,-0.0005926105330265052,0.0018242750151169496,0.0040874550450680225,0.005942324747916228,0.007098863510438758,0.007250733532499165,0.006106777330459945,0.0034369466879886623,-0.000867179868065282,-0.006720733411027968,-0.013771998246252526,-0.021344365249595487,-0.02842092017246367,-0.033707640985495946,-0.03581408250950924,-0.033579145607056216,-0.026533783280124457,-0.0154248133705841,-0.0026297383400897267,0.007797588664684607,0.010735580202938966,0.0014314266165507128,-0.0223406319759607,-0.05788898381397356,-0.0957867660179419,-0.11946421713343058,-0.106677748232471,-0.03263483713519211
-0.030965875598990333,-0.07627889428874779,-0.09498938480210217,-0.09330735852742267,-0.07735763988927413,-0.05284508876314975,-0.024761357918978266,0.002838970204575908,0.026971499261338572,0.04575378705090527,0.05833820764766795,0.06476112772164111,0.06573369439186472,0.06240509999018462,0.05612943770623646,0.04826253312735096,0.04000680832566461,0.032312330280269475,0.025832817592488677,0.02092816920793572,0.017700879788014934,0.016052526913659104,0.015747738973533654,0.016475763852161318,0.017903046428354497,0.019713378171348328,0.021634770781731927,0.0234540488001449,0.025021260677147605,0.026246489732492773,0.027091665628999007,0.02755969444754447,0.02768277989184531,0.027511306752896925,0.027104175394702335,0.026521058813096854,0.025816724513025857,0.025037327225690742,0.02421842854283751,0.023384422030470642,0.022549020436652523,0.021716478344564916,0.02088326407116048,0.02003994672004117,0.01917311919178344,0.018267229721109057,0.017306239691742942,0.016275062488764203,0.015160766691266314,0.013953547509362618,0.01264748398932758,0.01124110728571237,0.009737808355081423,0.008146112774402692,0.006479846858437721,0.0047582134693402445,0.003005788294117462,0.001252438134451861,-0.0004668480272145281,-0.002112236789726385,-0.0036394725504593772,-0.0050004954661813095,-0.006144323513148198,-0.007018284840937472,-0.007569703965618846,-0.007748160044988683,-0.00750844410757745,-0.006814339594175767,-0.005643329706631395,-0.003992285971115894,-0.001884102070964122,0.0006249111511382743,0.00343727939397942,0.006407002181732846,0.0093337522641046,0.011960386547924085,0.013976197662040502,0.015029051225805556,0.01475013922998114,0.012795221945157476,0.008905420151350096,0.002988128434093351,-0.004786438605997478,-0.01388600846902266,-0.02333938098543209,-0.03172159136123165,-0.03725386327424873,-0.038074245745195245,-0.03271427345960687,-0.02075620153403479,-0.0035347166526213947,0.015397161360780398,0.030433018827720648,0.035081062361676185,0.02424654093817802,-0.0027536206618417047,-0.03936689857262676,-0.07036172740545377,-0.07267199964248627,-0.018600229910969546
0.000290286554754271,-0.06455916425784247,-0.09683889250818956,-0.10394466798158097,-0.09320176316487094,-0.07145988406318926,-0.044731209863493326,-0.0179081483473702,0.005409348855940355,0.022960301000029215,0.033743561025446844,0.03783100978538512,0.03610526672545378,0.02996224291110261,0.02101957544344968,0.010865633107977946,0.0008723325727308939,-0.007918589480755411,-0.014838874838621674,-0.019579065173228383,-0.02213338738750581,-0.022722646013719316,-0.021711301792576077,-0.01953085712187752,-0.0166170938476502,-0.01336454336026316,-0.010098323051412894,-0.007061303700221178,-0.004413399893071546,-0.0022393991342455344,-0.0005619277052102412,0.0006433290942964298,0.0014323594050380528,0.001879019904016399,0.002063572725448548,0.002063928174665275,0.0019495758120302575,0.0017779350973010644,0.0015927176910195406,0.0014238422247365712,0.0012884531083563466,0.0011926443902612327,0.0011335588751886227,0.0011016077140530989,0.0010826272964812311,0.0010598531847860748,0.0010156426121077367,0.0009329172845080613,0.0007963276227402893,0.0005931595262516076,0.00031401683134779645,-4.6681556791217105e-5,-0.0004903499376394116,-0.0010139923139491636,-0.0016100354192603028,-0.0022662141222320464,-0.00296549420493486,-0.003686028023702992,-0.004401150361724948,-0.005079434936880123,-0.005684846672288746,-0.006177041102875425,-0.006511880198092346,-0.006642253183539726,-0.00651931093888658,-0.006094241816809731,-0.005320732812716944,-0.00415826902709826,-0.002576420481729347,-0.0005602402414681684,0.0018831601116491292,0.004716897887451221,0.00786568486020256,0.011206755722667605,0.014561238186871162,0.017687393520069872,0.020277885474843327,0.021964138467065464,0.022331850031041878,0.02095262539635767,0.017437082084048594,0.011513891628803119,0.003135969211160994,-0.00739203023355417,-0.019282976546373565,-0.03116926590161606,-0.04109524529381092,-0.04667662574213738,-0.045505365971586276,-0.03584069903647036,-0.017523608974861826,0.007126198632700476,0.03288263239531419,0.052226219279296604,0.05741843467155716,0.04392696881710423,0.014307196888136975,-0.01898111818386594,-0.033315306100883735,0.0011912281852346496
